dist: 20m

18:17:50.350 profile,0,16,-74,1.00,0.000, 21.473,0.000
18:17:50.900 profile,0,17,-72,0.00,20.327, 24.808,0.000
18:17:51.350 profile,0,18,-72,1.00,0.000, 23.639,0.000
18:17:51.851 profile,0,19,-72,0.00,21.370, 17.193,19.504
18:17:52.351 profile,0,20,-71,1.00,22.463, 18.462,0.000
18:17:52.850 profile,0,21,-73,1.00,25.441, 24.883,0.000
18:17:53.350 profile,0,22,-74,1.00,21.987, 19.093,0.000
18:17:53.850 profile,0,23,-71,1.00,0.000, 19.516,0.000
18:17:54.450 profile,0,24,-72,0.00,0.000, 17.313,0.000
18:17:55.000 profile,0,25,-81,0.00,0.000, 27.131,0.000
18:17:55.401 profile,0,26,-76,0.00,0.000, 19.149,0.000
18:17:55.850 profile,0,27,-78,0.00,24.823, 23.534,0.000
18:17:56.451 profile,0,28,-74,1.00,23.796, 24.418,19.487
18:17:57.000 profile,0,29,-74,1.00,23.748, 18.606,0.000
18:17:57.350 profile,0,30,-75,1.00,0.000, 21.229,0.000
18:17:57.900 profile,0,31,-74,0.00,0.000, 22.316,0.000
18:17:58.350 profile,0,32,-70,0.00,0.000, 13.453,0.000
18:17:58.900 profile,0,33,-76,0.00,21.045, 22.385,0.000
18:17:59.400 profile,0,34,-75,1.00,0.000, 20.292,0.000
18:17:59.850 profile,0,35,-72,0.00,0.000, 10.006,0.000
18:18:00.350 profile,0,36,-73,0.00,22.791, 13.366,0.000
18:18:00.850 profile,0,37,-74,1.00,0.000, 20.030,0.000
18:18:01.450 profile,0,38,-73,0.00,23.374, 20.929,19.598
18:18:02.050 profile,0,39,-77,1.00,24.317, 19.880,19.323
18:18:02.401 profile,0,40,-70,1.00,21.926, 15.140,0.000
18:18:02.850 profile,0,41,-74,1.00,22.228, 19.951,0.000
18:18:03.350 profile,0,42,-73,1.00,22.760, 21.780,19.571
18:18:03.899 profile,0,43,-74,1.00,0.000, 20.199,0.000
18:18:04.399 profile,0,44,-73,0.00,0.000, 20.146,0.000
18:18:04.849 profile,0,45,-74,0.00,0.000, 25.670,0.000
18:18:05.349 profile,0,46,-74,0.00,0.000, 23.047,0.000
18:18:05.899 profile,0,47,-76,0.00,0.000, 13.790,0.000
18:18:06.400 profile,0,48,-73,0.00,25.174, 19.986,19.323
18:18:06.849 profile,0,49,-73,1.00,0.000, 15.274,0.000
18:18:07.349 profile,0,50,-74,0.00,0.000, 20.180,0.000
18:18:07.899 profile,0,51,-74,0.00,0.000, 17.088,0.000
18:18:08.349 profile,0,52,-73,0.00,0.000, 21.679,0.000
18:18:08.849 profile,0,53,-75,0.00,0.000, 18.625,0.000
18:18:09.349 profile,0,54,-77,0.00,0.000, 10.018,0.000
18:18:09.850 profile,0,55,-77,0.00,21.352, 16.698,0.000
18:18:10.350 profile,0,56,-75,1.00,27.804, 23.759,19.419
18:18:10.849 profile,0,57,-79,1.00,0.000, 24.358,0.000
18:18:11.399 profile,0,58,-71,0.00,28.225, 17.744,0.000
18:18:11.900 profile,0,59,-76,1.00,27.729, 16.773,19.155
18:18:12.449 profile,0,60,-82,1.00,0.000, 10.253,0.000
18:18:12.850 profile,0,61,-72,0.00,0.000, 27.000,0.000
18:18:13.349 profile,0,62,-73,0.00,0.000, 28.106,0.000
18:18:13.849 profile,0,63,-78,0.00,0.000, 18.006,0.000
18:18:14.449 profile,0,64,-79,0.00,30.261, 0.000,0.000
18:18:14.949 profile,0,65,-79,1.00,0.000, 30.110,0.000
18:18:15.399 profile,0,66,-83,0.00,0.000, 21.323,0.000
18:18:15.949 profile,0,67,-76,0.00,0.000, 13.641,0.000
18:18:16.449 profile,0,68,-79,0.00,0.000, 22.972,0.000
18:18:16.900 profile,0,69,-77,0.00,25.281, 12.267,19.601
18:18:17.349 profile,0,70,-73,1.00,0.000, 25.587,0.000
18:18:17.849 profile,0,71,-77,0.00,0.000, 19.749,0.000
18:18:18.349 profile,0,72,-70,0.00,0.000, 18.437,0.000
18:18:18.899 profile,0,73,-75,0.00,25.508, 25.857,0.000
18:18:19.399 profile,0,74,-78,1.00,23.644, 21.660,0.000
18:18:19.849 profile,0,75,-75,1.00,0.000, 17.388,0.000
18:18:20.349 profile,0,76,-74,0.00,23.986, 16.663,0.000
18:18:20.849 profile,0,77,-75,1.00,0.000, 23.196,0.000
18:18:21.349 profile,0,78,-77,0.00,0.000, 24.628,0.000
18:18:21.849 profile,0,79,-74,0.00,0.000, 15.795,0.000
18:18:22.348 profile,0,80,-74,0.00,0.000, 15.664,0.000
18:18:22.849 profile,0,81,-80,0.00,0.000, 14.615,0.000
18:18:23.349 profile,0,82,-77,0.00,0.000, 18.512,0.000
18:18:23.849 profile,0,83,-77,0.00,25.845, 17.883,0.000
18:18:24.349 profile,0,84,-77,1.00,23.920, 22.765,19.679
18:18:24.898 profile,0,85,-78,1.00,0.000, 19.131,0.000
18:18:25.348 profile,0,86,-77,0.00,0.000, 21.060,0.000
18:18:25.898 profile,0,87,-72,0.00,0.000, 29.485,0.000
18:18:26.349 profile,0,88,-76,0.00,24.024, 17.988,0.000
18:18:26.898 profile,0,89,-77,1.00,0.000, 14.521,0.000
18:18:27.399 profile,0,90,-78,0.00,25.916, 26.044,0.000
18:18:27.849 profile,0,91,-78,1.00,27.363, 18.692,19.432
18:18:28.348 profile,0,92,-81,1.00,0.000, 16.301,0.000
18:18:28.848 profile,0,93,-72,0.00,0.000, 20.742,0.000
18:18:29.449 profile,0,94,-77,0.00,27.288, 17.118,0.000
18:18:29.948 profile,0,95,-76,1.00,0.000, 18.977,0.000
18:18:30.349 profile,0,96,-83,0.00,0.000, 23.983,0.000
18:18:30.849 profile,0,97,-76,0.00,0.000, 18.062,0.000
18:18:31.348 profile,0,98,-75,0.00,0.000, 22.584,0.000
18:18:31.849 profile,0,99,-78,0.00,25.664, 9.608,19.030
18:18:32.348 profile,0,100,-80,1.00,0.000, 23.103,0.000
18:18:32.848 profile,0,101,-81,0.00,25.750, 18.212,0.000
18:18:33.348 profile,0,102,-81,1.00,0.000, 12.017,0.000
18:18:33.849 profile,0,103,-75,0.00,0.000, 13.056,0.000
18:18:34.348 profile,0,104,-74,0.00,0.000, 15.983,0.000
18:18:34.848 profile,0,105,-71,0.00,0.000, 20.948,0.000
18:18:35.348 profile,0,106,-78,0.00,0.000, 19.412,0.000
18:18:35.848 profile,0,107,-75,0.00,0.000, 27.146,0.000
18:18:36.350 profile,0,108,-74,0.00,25.469, 11.617,0.000
18:18:36.849 profile,0,109,-83,1.00,25.080, 14.075,19.323
18:18:37.348 profile,0,110,-81,1.00,24.788, 17.163,0.000
18:18:37.999 profile,0,111,-74,1.00,24.006, 19.693,19.352
18:18:38.398 profile,0,112,-74,1.00,0.000, 22.260,0.000
18:18:38.949 profile,0,113,-74,0.00,26.525, 18.606,19.359
18:18:39.348 profile,0,114,-82,1.00,0.000, 22.385,0.000
18:18:39.998 profile,0,115,-76,0.00,0.000, 8.975,0.000
18:18:40.349 profile,0,116,-77,0.00,26.145, 9.781,0.000
18:18:40.898 profile,0,117,-76,1.00,0.000, 18.156,0.000
18:18:41.398 profile,0,118,-76,0.00,0.000, 23.983,0.000
18:18:41.848 profile,0,119,-75,0.00,0.000, 20.611,0.000
18:18:42.348 profile,0,120,-75,0.00,0.000, 27.262,0.000
18:18:42.998 profile,0,121,-73,0.00,26.636, 21.710,19.095
18:18:43.348 profile,0,122,-73,1.00,0.000, 21.754,0.000
18:18:43.848 profile,0,123,-84,0.00,0.000, 15.939,0.000
18:18:44.348 profile,0,124,-75,0.00,0.000, 21.135,0.000
18:18:44.998 profile,0,125,-81,0.00,0.000, 17.778,0.000
18:18:45.398 profile,0,126,-79,0.00,0.000, 23.609,0.000
18:18:45.848 profile,0,127,-83,0.00,24.796, 7.870,0.000
18:18:46.397 profile,0,128,-73,1.00,0.000, 22.372,0.000
18:18:46.848 profile,0,129,-71,0.00,0.000, 24.298,0.000
18:18:47.348 profile,0,130,-74,0.00,25.950, 20.742,19.750
18:18:47.848 profile,0,131,-81,1.00,25.951, 16.813,0.000
18:18:48.348 profile,0,132,-79,1.00,26.194, 22.634,0.000
18:18:48.847 profile,0,133,-74,1.00,0.000, 22.529,0.000
18:18:49.347 profile,0,134,-74,0.00,0.000, 26.577,0.000
18:18:49.898 profile,0,135,-76,0.00,24.626, 14.540,0.000
18:18:50.347 profile,0,136,-74,1.00,0.000, 18.437,0.000
18:18:50.847 profile,0,137,-76,0.00,0.000, 26.806,0.000
18:18:51.347 profile,0,138,-75,0.00,0.000, 9.387,0.000
18:18:51.897 profile,0,139,-75,0.00,0.000, 10.133,0.000
18:18:52.398 profile,0,140,-70,0.00,26.600, 25.726,19.323
18:18:52.847 profile,0,141,-73,1.00,0.000, 14.577,0.000
18:18:53.347 profile,0,142,-77,0.00,0.000, 13.865,0.000
18:18:53.847 profile,0,143,-72,0.00,0.000, 25.426,0.000
18:18:54.397 profile,0,144,-73,0.00,0.000, 26.981,0.000
18:18:54.847 profile,0,145,-74,0.00,0.000, 24.414,0.000
18:18:55.397 profile,0,146,-72,0.00,27.397, 17.343,0.000
18:18:55.847 profile,0,147,-75,1.00,0.000, 26.357,0.000
18:18:56.347 profile,0,148,-72,0.00,24.215, 12.501,0.000
18:18:56.847 profile,0,149,-78,1.00,26.802, 17.032,0.000
18:18:57.347 profile,0,150,-86,1.00,0.000, 22.728,0.000
18:18:57.847 profile,0,151,-82,0.00,0.000, 21.248,0.000
18:18:58.347 profile,0,152,-77,0.00,0.000, 16.474,0.000
18:18:58.848 profile,0,153,-75,0.00,27.300, 18.782,19.323
18:18:59.347 profile,0,154,-77,1.00,0.000, 26.956,0.000
18:18:59.847 profile,0,155,-75,0.00,0.000, 7.663,0.000
18:19:00.347 profile,0,156,-81,0.00,0.000, 21.341,0.000
18:19:00.897 profile,0,157,-76,0.00,27.382, 16.489,0.000
18:19:01.347 profile,0,158,-72,1.00,0.000, 22.072,0.000
18:19:01.897 profile,0,159,-81,0.00,23.482, 25.895,0.000
18:19:02.397 profile,0,160,-77,1.00,26.935, 25.377,0.000
18:19:02.847 profile,0,161,-77,1.00,0.000, 21.192,0.000
18:19:03.348 profile,0,162,-77,0.00,25.144, 18.831,19.647
18:19:03.847 profile,0,163,-74,1.00,25.915, 6.041,0.000
18:19:04.347 profile,0,164,-72,1.00,24.326, 17.838,0.000
18:19:04.897 profile,0,165,-74,1.00,24.877, 27.562,19.323
18:19:05.347 profile,0,166,-72,1.00,19.746, 22.503,0.000
18:19:05.897 profile,0,167,-73,1.00,23.239, 16.389,19.441
18:19:06.348 profile,0,168,-77,1.00,24.271, 17.943,19.323
18:19:06.896 profile,0,169,-77,1.00,0.000, 23.103,0.000
18:19:07.348 profile,0,170,-76,0.00,25.783, 22.765,19.454
