dist: 40m
18:36:08.570 profile,0,60,-74,1.00,0.000, 37.156,0.000
18:36:09.070 profile,0,61,-77,0.00,0.000, 40.303,0.000
18:36:09.570 profile,0,62,-77,0.00,0.000, 37.942,0.000
18:36:10.021 profile,0,63,-72,0.00,0.000, 37.449,0.000
18:36:10.520 profile,0,64,-73,0.00,40.824, 33.970,0.000
18:36:11.020 profile,0,65,-74,1.00,0.000, 40.978,0.000
18:36:11.620 profile,0,66,-75,0.00,0.000, 39.741,0.000
18:36:12.022 profile,0,67,-75,0.00,40.533, 38.729,38.842
18:36:12.520 profile,0,68,-76,1.00,40.579, 39.160,0.000
18:36:13.071 profile,0,69,-72,1.00,41.772, 38.729,38.933
18:36:13.520 profile,0,70,-72,1.00,40.611, 36.162,0.000
18:36:14.021 profile,0,71,-72,1.00,40.322, 38.224,39.005
18:36:14.571 profile,0,72,-73,1.00,40.887, 38.542,39.010
18:36:15.020 profile,0,73,-75,1.00,0.000, 33.389,0.000
18:36:15.522 profile,0,74,-72,0.00,40.013, 38.298,38.985
18:36:16.071 profile,0,75,-76,1.00,40.379, 40.060,39.070
18:36:16.521 profile,0,76,-72,1.00,40.346, 37.961,38.645
18:36:17.020 profile,0,77,-75,1.00,40.289, 34.296,0.000
18:36:17.520 profile,0,78,-73,1.00,0.000, 38.388,0.000
18:36:18.021 profile,0,79,-72,0.00,39.381, 36.537,39.036
18:36:18.520 profile,0,80,-80,1.00,39.738, 36.874,0.000
18:36:19.020 profile,0,81,-72,1.00,0.000, 42.177,0.000
18:36:19.520 profile,0,82,-74,0.00,0.000, 40.232,0.000
18:36:20.020 profile,0,83,-74,0.00,42.219, 41.465,0.000
18:36:20.521 profile,0,84,-73,1.00,42.315, 36.331,39.076
18:36:21.021 profile,0,85,-74,1.00,40.514, 37.830,38.917
18:36:21.520 profile,0,86,-72,1.00,0.000, 36.800,0.000
18:36:22.020 profile,0,87,-77,0.00,0.000, 42.720,0.000
18:36:22.570 profile,0,88,-75,0.00,0.000, 39.962,0.000
18:36:23.020 profile,0,89,-74,0.00,0.000, 42.571,0.000
18:36:23.521 profile,0,90,-73,0.00,41.920, 31.203,38.777
18:36:24.021 profile,0,91,-73,1.00,40.241, 41.503,38.618
18:36:24.521 profile,0,92,-74,1.00,0.000, 27.756,0.000
18:36:25.020 profile,0,93,-73,0.00,40.078, 40.772,0.000
18:36:25.570 profile,0,94,-73,1.00,41.858, 27.956,38.748
18:36:26.070 profile,0,95,-79,1.00,0.000, 37.384,0.000
18:36:26.519 profile,0,96,-73,0.00,0.000, 42.046,0.000
18:36:27.020 profile,0,97,-75,0.00,0.000, 37.874,0.000
18:36:27.519 profile,0,98,-78,0.00,0.000, 44.276,0.000
18:36:28.070 profile,0,99,-75,0.00,39.779, 37.069,0.000
18:36:28.520 profile,0,100,-73,1.00,0.000, 32.378,0.000
18:36:29.020 profile,0,101,-76,0.00,40.298, 40.772,0.000
18:36:29.520 profile,0,102,-79,1.00,40.730, 31.385,0.000
18:36:30.019 profile,0,103,-79,1.00,0.000, 37.984,0.000
18:36:30.520 profile,0,104,-78,0.00,40.114, 29.005,0.000
18:36:31.119 profile,0,105,-78,1.00,0.000, 33.277,0.000
18:36:31.619 profile,0,106,-74,0.00,0.000, 37.129,0.000
18:36:32.021 profile,0,107,-73,0.00,39.790, 41.484,38.926
18:36:32.520 profile,0,108,-75,1.00,40.027, 33.839,38.938
18:36:33.019 profile,0,109,-76,1.00,41.567, 38.261,0.000
18:36:33.519 profile,0,110,-74,1.00,39.881, 40.491,0.000
18:36:34.070 profile,0,111,-72,1.00,39.793, 36.219,38.938
18:36:34.569 profile,0,112,-75,1.00,0.000, 38.538,0.000
18:36:35.169 profile,0,113,-77,0.00,40.295, 43.489,0.000
18:36:35.620 profile,0,114,-77,1.00,42.085, 41.446,38.970
18:36:36.020 profile,0,115,-75,1.00,40.333, 35.825,0.000
18:36:36.520 profile,0,116,-76,1.00,40.297, 35.413,38.934
18:36:37.019 profile,0,117,-76,1.00,40.783, 37.384,0.000
18:36:37.570 profile,0,118,-76,1.00,41.025, 34.626,38.645
18:36:38.120 profile,0,119,-76,1.00,40.022, 34.064,38.989
18:36:38.719 profile,0,120,-75,1.00,41.998, 37.586,0.000
18:36:39.020 profile,0,121,-75,1.00,39.878, 40.817,38.645
18:36:39.719 profile,0,122,-76,1.00,0.000, 41.952,0.000
18:36:40.019 profile,0,123,-75,0.00,0.000, 36.530,0.000
18:36:40.519 profile,0,124,-76,0.00,42.124, 33.258,0.000
18:36:41.069 profile,0,125,-80,1.00,0.000, 35.540,0.000
18:36:41.519 profile,0,126,-73,0.00,0.000, 35.525,0.000
18:36:42.070 profile,0,127,-73,0.00,41.199, 38.923,39.018
18:36:42.520 profile,0,128,-71,1.00,40.428, 38.074,39.080
18:36:43.120 profile,0,129,-73,1.00,40.540, 42.027,39.126
18:36:43.520 profile,0,130,-71,1.00,40.744, 39.842,38.938
18:36:44.120 profile,0,131,-77,1.00,41.100, 33.142,38.645
18:36:44.519 profile,0,132,-77,1.00,0.000, 42.795,0.000
18:36:45.019 profile,0,133,-74,0.00,41.171, 37.324,0.000
18:36:45.519 profile,0,134,-73,1.00,40.257, 39.591,38.938
18:36:46.068 profile,0,135,-77,1.00,0.000, 32.478,0.000
18:36:46.519 profile,0,136,-78,0.00,0.000, 38.017,0.000
18:36:47.018 profile,0,137,-74,0.00,0.000, 42.346,0.000
18:36:47.719 profile,0,138,-75,0.00,40.585, 37.512,0.000
18:36:48.020 profile,0,139,-78,1.00,40.789, 36.387,39.059
18:36:48.519 profile,0,140,-76,1.00,39.760, 39.085,39.063
18:36:49.018 profile,0,141,-74,1.00,0.000, 41.097,0.000
18:36:49.518 profile,0,142,-75,0.00,0.000, 36.874,0.000
18:36:50.018 profile,0,143,-78,0.00,0.000, 40.022,0.000
18:36:50.518 profile,0,144,-74,0.00,0.000, 40.967,0.000
18:36:51.019 profile,0,145,-75,0.00,40.048, 38.055,0.000
18:36:51.519 profile,0,146,-76,1.00,39.724, 32.696,39.025
18:36:52.019 profile,0,147,-75,1.00,39.602, 44.444,0.000
18:36:52.518 profile,0,148,-74,1.00,39.725, 38.174,0.000
18:36:53.068 profile,0,149,-74,1.00,40.044, 37.699,0.000
18:36:53.519 profile,0,150,-74,1.00,39.289, 37.129,0.000
18:36:54.068 profile,0,151,-73,1.00,0.000, 33.820,0.000
18:36:54.668 profile,0,152,-73,0.00,40.270, 39.666,0.000
18:36:55.018 profile,0,153,-74,1.00,0.000, 32.353,0.000
18:36:55.518 profile,0,154,-75,0.00,0.000, 37.729,0.000
18:36:56.068 profile,0,155,-74,0.00,39.740, 42.308,0.000
18:36:56.519 profile,0,156,-74,1.00,40.429, 39.648,39.030
18:36:57.068 profile,0,157,-74,1.00,40.632, 40.052,0.000
18:36:57.519 profile,0,158,-73,1.00,40.369, 36.185,0.000
18:36:58.018 profile,0,159,-76,1.00,40.538, 36.200,0.000
