dist: 5m

18:12:27.111 profile,0,558,-64,1.00,5.512, 3.635,4.741
18:12:27.611 profile,0,559,-67,1.00,5.596, 6.558,4.939
18:12:28.111 profile,0,560,-63,1.00,6.162, 4.332,5.023
18:12:28.661 profile,0,561,-65,1.00,6.074, 2.573,5.125
18:12:29.111 profile,0,562,-60,1.00,5.404, 5.359,4.977
18:12:29.612 profile,0,563,-66,1.00,6.109, 5.078,5.379
18:12:30.112 profile,0,564,-60,1.00,5.746, 3.954,5.409
18:12:30.611 profile,0,565,-64,1.00,5.997, 6.620,5.369
18:12:31.111 profile,0,566,-59,1.00,5.307, 1.949,5.190
18:12:31.611 profile,0,567,-62,1.00,6.120, 4.422,5.271
18:12:32.111 profile,0,568,-66,1.00,6.045, 6.389,5.333
18:12:32.611 profile,0,569,-61,1.00,5.742, 3.927,5.380
18:12:33.110 profile,0,570,-59,1.00,5.628, 3.710,0.000
18:12:33.611 profile,0,571,-60,1.00,5.486, 3.541,5.446
18:12:34.161 profile,0,572,-59,1.00,5.671, 5.921,5.413
18:12:34.611 profile,0,573,-60,1.00,5.837, 6.239,5.333
18:12:35.111 profile,0,574,-59,1.00,5.902, 3.373,5.348
18:12:35.611 profile,0,575,-61,1.00,5.781, 1.199,5.364
18:12:36.111 profile,0,576,-59,1.00,5.703, 5.022,4.977
18:12:36.611 profile,0,577,-59,1.00,6.034, 6.558,5.338
18:12:37.111 profile,0,578,-60,1.00,6.051, 6.914,5.496
18:12:37.611 profile,0,579,-60,1.00,5.797, 4.422,5.292
18:12:38.111 profile,0,580,-59,1.00,5.941, 3.627,5.270
18:12:38.611 profile,0,581,-59,1.00,5.817, 1.012,5.486
18:12:39.111 profile,0,582,-59,1.00,6.292, 4.591,5.253
18:12:39.611 profile,0,583,-61,1.00,5.517, 3.722,5.197
18:12:40.110 profile,0,584,-62,1.00,5.971, 5.752,0.000
18:12:40.611 profile,0,585,-61,1.00,6.202, 6.951,5.344
18:12:41.111 profile,0,586,-58,1.00,5.969, 5.306,5.315
18:12:41.611 profile,0,587,-60,1.00,5.603, 6.015,5.294
18:12:42.160 profile,0,588,-62,1.00,5.921, 4.609,5.350
18:12:42.611 profile,0,589,-64,1.00,6.103, 5.971,5.237
18:12:43.111 profile,0,590,-62,1.00,7.070, 4.965,5.527
18:12:43.610 profile,0,591,-63,1.00,5.732, 4.122,5.365
18:12:44.160 profile,0,592,-62,1.00,5.961, 3.579,0.000
18:12:44.610 profile,0,593,-64,1.00,5.629, 6.352,4.684
18:12:45.110 profile,0,594,-63,1.00,5.920, 3.335,5.425
18:12:45.610 profile,0,595,-63,1.00,5.799, 2.623,5.378
18:12:46.110 profile,0,596,-63,1.00,5.925, 5.022,5.460
18:12:46.610 profile,0,597,-64,1.00,6.286, 4.097,5.396
18:12:47.110 profile,0,598,-63,1.00,6.201, 4.909,5.363
18:12:47.610 profile,0,599,-61,1.00,6.018, 6.839,5.483
18:12:48.110 profile,0,600,-59,1.00,6.318, 4.310,5.375
18:12:48.610 profile,0,601,-60,1.00,6.047, 7.382,5.319
18:12:49.160 profile,0,602,-61,1.00,6.163, 4.602,5.291
18:12:49.660 profile,0,603,-61,1.00,6.016, 1.743,5.459
18:12:50.160 profile,0,604,-60,1.00,6.019, 5.490,5.484
18:12:50.610 profile,0,605,-64,1.00,6.046, 3.627,5.270
18:12:51.110 profile,0,606,-61,1.00,6.553, 3.463,5.270
18:12:51.610 profile,0,607,-58,1.00,5.871, 3.092,5.504
18:12:52.160 profile,0,608,-61,1.00,5.980, 7.735,5.625
18:12:52.610 profile,0,609,-57,1.00,5.619, 6.839,5.449
18:12:53.110 profile,0,610,-62,1.00,6.247, 4.107,5.397
18:12:53.610 profile,0,611,-59,1.00,6.045, 5.022,5.548
18:12:54.110 profile,0,612,-61,1.00,6.150, 4.122,5.546
18:12:54.610 profile,0,613,-65,1.00,6.331, 5.790,5.511
18:12:55.110 profile,0,614,-61,1.00,6.169, 3.935,5.522
18:12:55.610 profile,0,615,-59,1.00,6.156, 4.965,5.564
18:12:56.160 profile,0,616,-58,1.00,6.371, 4.609,5.578
18:12:56.610 profile,0,617,-62,1.00,6.560, 5.790,5.557
18:12:57.110 profile,0,618,-62,1.00,5.603, 1.930,5.377
18:12:57.609 profile,0,619,-59,1.00,6.229, 5.902,0.000
18:12:58.110 profile,0,620,-63,1.00,5.895, 4.647,5.270
18:12:58.610 profile,0,621,-62,1.00,6.228, 6.127,5.442
18:12:59.110 profile,0,622,-59,1.00,6.442, 6.933,5.350
18:12:59.610 profile,0,623,-59,1.00,5.892, 3.657,5.473
18:13:00.160 profile,0,624,-59,1.00,6.364, 2.417,5.493
18:13:00.610 profile,0,625,-61,1.00,6.261, 2.233,5.413
18:13:01.110 profile,0,626,-61,1.00,6.240, 6.202,5.429
18:13:01.610 profile,0,627,-59,1.00,6.330, 5.303,5.392
18:13:02.109 profile,0,628,-61,1.00,6.041, 5.171,0.000
18:13:02.610 profile,0,629,-60,1.00,5.532, 4.872,5.323
18:13:03.110 profile,0,630,-59,1.00,5.869, 5.321,5.383
18:13:03.610 profile,0,631,-63,1.00,5.884, 3.935,5.344
18:13:04.110 profile,0,632,-62,1.00,6.177, 2.323,5.382
18:13:04.610 profile,0,633,-62,1.00,5.925, 6.496,5.235
18:13:05.110 profile,0,634,-64,1.00,5.967, 4.497,5.432
18:13:05.609 profile,0,635,-59,1.00,5.909, 6.858,5.429
18:13:06.109 profile,0,636,-61,1.00,6.315, 6.258,5.514
18:13:06.759 profile,0,637,-59,1.00,6.029, 4.897,5.270
18:13:07.160 profile,0,638,-63,1.00,5.901, 6.333,5.377
18:13:07.659 profile,0,639,-62,1.00,6.220, 7.270,0.000
18:13:08.109 profile,0,640,-61,1.00,5.566, 6.895,5.420
18:13:08.659 profile,0,641,-59,1.00,6.347, 6.951,5.337
18:13:09.159 profile,0,642,-61,1.00,6.191, 8.001,5.327
18:13:09.610 profile,0,643,-62,1.00,6.971, 5.078,4.977
18:13:10.109 profile,0,644,-59,1.00,5.756, 5.111,5.394
18:13:10.659 profile,0,645,-61,1.00,6.047, 6.056,5.339
18:13:11.109 profile,0,646,-64,1.00,5.613, 2.923,5.374
18:13:11.609 profile,0,647,-61,1.00,5.770, 1.986,0.000
18:13:12.109 profile,0,648,-61,1.00,5.777, 6.221,5.392
18:13:12.609 profile,0,649,-60,1.00,6.195, 5.771,5.396
18:13:13.109 profile,0,650,-61,1.00,5.853, 7.083,5.369
18:13:13.659 profile,0,651,-61,1.00,5.733, 6.046,5.325
18:13:14.209 profile,0,652,-62,1.00,5.801, 5.576,5.459
18:13:14.609 profile,0,653,-59,1.00,6.045, 4.452,5.376
18:13:15.109 profile,0,654,-61,1.00,6.150, 4.302,5.289
18:13:15.609 profile,0,655,-63,1.00,6.025, 4.302,5.363
18:13:16.109 profile,0,656,-62,1.00,6.178, 4.740,4.684
18:13:16.608 profile,0,657,-62,1.00,5.369, 6.775,0.000
18:13:17.109 profile,0,658,-59,1.00,6.041, 5.756,4.977
18:13:17.609 profile,0,659,-61,1.00,6.010, 7.551,5.366
18:13:18.109 profile,0,660,-62,1.00,5.928, 5.321,5.376
18:13:18.609 profile,0,661,-60,1.00,5.495, 5.201,5.305
18:13:19.109 profile,0,662,-60,1.00,5.676, 4.909,5.281
18:13:19.609 profile,0,663,-61,1.00,6.282, 7.225,5.317
18:13:20.109 profile,0,664,-62,1.00,5.584, 2.024,5.341
18:13:20.609 profile,0,665,-59,1.00,6.336, 5.081,4.977
18:13:21.109 profile,0,666,-61,1.00,6.179, 8.934,5.393
18:13:21.609 profile,0,667,-62,1.00,5.564, 3.508,5.278
18:13:22.109 profile,0,668,-59,1.00,5.321, 6.502,0.000
18:13:22.609 profile,0,669,-59,1.00,6.078, 4.684,5.260
18:13:23.109 profile,0,670,-60,1.00,5.849, 5.340,5.228
18:13:23.609 profile,0,671,-61,1.00,5.248, 7.251,5.234
18:13:24.109 profile,0,672,-61,1.00,6.189, 2.736,5.261
18:13:24.609 profile,0,673,-59,1.00,5.648, 3.987,4.977
18:13:25.109 profile,0,674,-61,1.00,5.964, 4.347,5.200
18:13:25.609 profile,0,675,-59,1.00,5.360, 4.747,5.211
18:13:26.108 profile,0,676,-60,1.00,6.094, 3.672,0.000
18:13:26.609 profile,0,677,-61,1.00,5.829, 4.478,5.272
18:13:27.109 profile,0,678,-60,1.00,5.966, 2.323,5.346
18:13:27.608 profile,0,679,-60,1.00,5.361, 7.090,0.000
18:13:28.108 profile,0,680,-61,1.00,5.517, 4.459,5.274
18:13:28.658 profile,0,681,-61,1.00,5.534, 6.820,5.207
18:13:29.108 profile,0,682,-62,1.00,6.177, 5.415,5.271
18:13:29.658 profile,0,683,-61,1.00,6.206, 5.771,5.409
18:13:30.108 profile,0,684,-58,1.00,5.707, 3.654,5.354
18:13:30.608 profile,0,685,-60,1.00,5.818, 4.909,0.000
18:13:31.108 profile,0,686,-60,1.00,5.590, 5.951,5.262
18:13:31.608 profile,0,687,-60,1.00,5.652, 3.972,5.354
18:13:32.108 profile,0,688,-61,1.00,6.055, 3.672,5.360
18:13:32.608 profile,0,689,-59,1.00,5.228, 4.534,5.216
18:13:33.108 profile,0,690,-60,1.00,5.797, 6.727,4.977
18:13:33.608 profile,0,691,-61,1.00,5.751, 3.133,0.000
18:13:34.108 profile,0,692,-60,1.00,5.759, 4.722,5.307
18:13:34.608 profile,0,693,-59,1.00,5.687, 5.671,5.333
18:13:35.108 profile,0,694,-60,1.00,5.560, 2.533,5.317
18:13:35.608 profile,0,695,-61,1.00,6.043, 6.052,5.