dist: 40m

18:29:15.890 profile,0,371,-72,1.00,0.000, 42.027,0.000
18:29:16.441 profile,0,372,-72,0.00,39.498, 35.432,38.645
18:29:16.891 profile,0,373,-71,1.00,0.000, 38.583,0.000
18:29:17.391 profile,0,374,-72,0.00,39.860, 40.116,0.000
18:29:17.891 profile,0,375,-72,1.00,39.399, 39.235,38.892
18:29:18.391 profile,0,376,-71,1.00,38.530, 31.178,38.931
18:29:18.891 profile,0,377,-71,1.00,40.034, 38.613,39.030
18:29:19.390 profile,0,378,-70,1.00,38.918, 40.828,0.000
18:29:19.891 profile,0,379,-71,1.00,39.907, 38.036,39.002
18:29:20.390 profile,0,380,-72,1.00,40.030, 34.126,0.000
18:29:20.940 profile,0,381,-71,1.00,0.000, 39.310,0.000
18:29:21.390 profile,0,382,-73,0.00,40.049, 39.847,0.000
18:29:21.890 profile,0,383,-71,1.00,0.000, 40.217,0.000
18:29:22.390 profile,0,384,-72,0.00,0.000, 39.891,0.000
18:29:22.890 profile,0,385,-72,0.00,0.000, 38.493,0.000
18:29:23.390 profile,0,386,-72,0.00,40.041, 38.186,0.000
18:29:23.891 profile,0,387,-72,1.00,39.166, 36.250,38.821
18:29:24.390 profile,0,388,-70,1.00,38.896, 39.063,0.000
18:29:24.890 profile,0,389,-71,1.00,39.495, 41.416,0.000
18:29:25.390 profile,0,390,-70,1.00,39.120, 44.650,0.000
18:29:25.991 profile,0,391,-71,1.00,39.541, 42.436,38.856
18:29:26.390 profile,0,392,-71,1.00,40.553, 36.650,0.000
18:29:26.890 profile,0,393,-72,1.00,40.066, 40.397,0.000
18:29:27.392 profile,0,394,-71,1.00,40.094, 37.849,38.917
18:29:27.891 profile,0,395,-72,1.00,40.068, 37.909,38.645
18:29:28.391 profile,0,396,-71,1.00,41.151, 35.226,38.922
18:29:28.891 profile,0,397,-71,1.00,40.458, 38.242,38.786
18:29:29.390 profile,0,398,-72,1.00,0.000, 39.460,0.000
18:29:29.940 profile,0,399,-71,0.00,40.127, 37.793,38.772
18:29:30.390 profile,0,400,-71,1.00,39.440, 41.409,0.000
18:29:30.990 profile,0,401,-72,1.00,40.445, 44.144,38.898
18:29:31.390 profile,0,402,-74,1.00,0.000, 43.189,0.000
18:29:31.890 profile,0,403,-71,0.00,37.916, 38.842,0.000
18:29:32.390 profile,0,404,-70,1.00,39.601, 36.949,0.000
18:29:32.890 profile,0,405,-71,1.00,39.433, 36.750,38.754
18:29:33.389 profile,0,406,-71,1.00,0.000, 34.532,0.000
18:29:33.890 profile,0,407,-71,0.00,39.935, 38.542,38.645
18:29:34.390 profile,0,408,-70,1.00,39.407, 36.856,38.807
18:29:34.890 profile,0,409,-73,1.00,39.058, 39.603,38.805
18:29:35.390 profile,0,410,-71,1.00,40.224, 35.207,38.860
18:29:35.889 profile,0,411,-70,1.00,0.000, 39.722,0.000
18:29:36.440 profile,0,412,-72,0.00,41.048, 42.720,37.474
18:29:36.891 profile,0,413,-71,1.00,41.241, 39.872,38.988
18:29:37.439 profile,0,414,-72,1.00,0.000, 35.207,0.000
18:29:37.890 profile,0,415,-73,0.00,39.024, 38.111,0.000
18:29:38.389 profile,0,416,-73,1.00,40.173, 39.573,0.000
18:29:38.940 profile,0,417,-73,1.00,40.201, 30.729,38.852
18:29:39.440 profile,0,418,-73,1.00,40.417, 44.010,38.899
18:29:39.890 profile,0,419,-71,1.00,40.166, 32.340,38.837
18:29:40.389 profile,0,420,-72,1.00,39.944, 39.548,0.000
18:29:40.890 profile,0,421,-74,1.00,38.663, 38.089,38.796
18:29:41.390 profile,0,422,-73,1.00,40.576, 37.718,38.766
18:29:41.889 profile,0,423,-74,1.00,39.755, 35.525,0.000
18:29:42.389 profile,0,424,-74,1.00,0.000, 41.446,0.000
18:29:42.890 profile,0,425,-71,0.00,40.157, 37.349,38.892
18:29:43.389 profile,0,426,-73,1.00,40.649, 37.009,0.000
18:29:43.889 profile,0,427,-72,1.00,40.606, 40.997,0.000
18:29:44.390 profile,0,428,-73,1.00,39.459, 36.462,38.797
18:29:44.889 profile,0,429,-72,1.00,0.000, 39.243,0.000
18:29:45.389 profile,0,430,-70,0.00,40.258, 38.793,0.000
18:29:45.939 profile,0,431,-73,1.00,40.493, 37.024,0.000
18:29:46.440 profile,0,432,-71,1.00,40.673, 36.462,38.902
18:29:46.889 profile,0,433,-72,1.00,40.308, 39.292,0.000
18:29:47.390 profile,0,434,-71,1.00,40.842, 41.401,38.971
18:29:47.939 profile,0,435,-74,1.00,40.019, 39.708,0.000
18:29:48.489 profile,0,436,-72,1.00,41.914, 36.665,0.000
18:29:48.889 profile,0,437,-72,1.00,40.834, 37.849,0.000
18:29:49.390 profile,0,438,-70,1.00,39.266, 37.524,38.645
18:29:49.889 profile,0,439,-71,1.00,39.344, 37.530,0.000
18:29:50.389 profile,0,440,-73,1.00,39.967, 33.595,0.000
18:29:50.890 profile,0,441,-71,1.00,40.310, 38.523,38.352
18:29:51.389 profile,0,442,-72,1.00,39.044, 33.614,0.000
18:29:51.889 profile,0,443,-71,1.00,40.108, 40.566,38.645
18:29:52.489 profile,0,444,-75,1.00,40.569, 36.987,0.000
18:29:52.889 profile,0,445,-74,1.00,39.511, 38.130,0.000
18:29:53.389 profile,0,446,-73,1.00,39.895, 33.877,38.645
18:29:53.889 profile,0,447,-71,1.00,39.565, 41.122,0.000
18:29:54.389 profile,0,448,-72,1.00,39.382, 35.351,38.911
18:29:54.889 profile,0,449,-71,1.00,40.475, 43.601,38.645
18:29:55.439 profile,0,450,-73,1.00,39.583, 34.326,38.824
18:29:55.889 profile,0,451,-73,1.00,0.000, 38.767,0.000
18:29:56.389 profile,0,452,-72,0.00,39.830, 36.974,38.789
18:29:56.889 profile,0,453,-72,1.00,39.172, 43.189,0.000
18:29:57.389 profile,0,454,-72,1.00,39.773, 42.945,38.827
18:29:57.889 profile,0,455,-71,1.00,39.781, 42.481,38.822
18:29:58.438 profile,0,456,-72,1.00,39.844, 42.215,0.000
18:29:58.939 profile,0,457,-73,1.00,39.657, 39.827,39.007
18:29:59.389 profile,0,458,-70,1.00,40.625, 36.395,38.645
18:29:59.939 profile,0,459,-72,1.00,40.408, 35.919,38.951
18:30:00.439 profile,0,460,-71,1.00,40.978, 35.113,0.000
18:30:00.889 profile,0,461,-72,1.00,0.000, 35.806,0.000
18:30:01.388 profile,0,462,-70,0.00,39.966, 35.788,0.000
18:30:01.889 profile,0,463,-71,1.00,40.426, 41.933,38.860
18:30:02.389 profile,0,464,-72,1.00,39.930, 37.864,38.803
18:30:02.889 profile,0,465,-73,1.00,39.839, 36.150,38.839
18:30:03.388 profile,0,466,-73,1.00,40.518, 35.960,0.000
18:30:03.889 profile,0,467,-69,1.00,40.062, 42.496,38.856
18:30:04.438 profile,0,468,-71,1.00,0.000, 37.212,0.000
18:30:04.888 profile,0,469,-72,0.00,40.828, 36.537,0.000
18:30:05.389 profile,0,470,-72,1.00,39.524, 36.450,38.939
18:30:05.939 profile,0,471,-72,1.00,39.611, 32.040,38.887
18:30:06.389 profile,0,472,-72,1.00,40.272, 36.325,38.969
18:30:06.888 profile,0,473,-72,1.00,39.258, 38.617,0.000
18:30:07.389 profile,0,474,-74,1.00,40.140, 38.636,38.912
18:30:07.939 profile,0,475,-72,1.00,40.302, 38.553,38.645
18:30:08.389 profile,0,476,-72,1.00,40.125, 38.283,38.836
18:30:08.889 profile,0,477,-72,1.00,41.726, 39.373,38.995
18:30:09.389 profile,0,478,-73,1.00,40.176, 36.031,38.845
18:30:09.889 profile,0,479,-72,1.00,40.153, 33.802,38.907
18:30:10.389 profile,0,480,-72,1.00,39.350, 35.061,38.876
18:30:10.938 profile,0,481,-72,1.00,39.165, 47.067,0.000
18:30:11.388 profile,0,482,-71,1.00,0.000, 41.296,0.000
18:30:11.889 profile,0,483,-72,0.00,40.282, 39.972,38.996
18:30:12.389 profile,0,484,-71,1.00,39.739, 35.938,38.905
18:30:12.888 profile,0,485,-71,1.00,39.542, 41.709,0.000
18:30:13.388 profile,0,486,-73,1.00,40.114, 37.624,0.000
18:30:13.888 profile,0,487,-74,1.00,40.818, 41.776,38.993
18:30:14.438 profile,0,488,-72,1.00,40.360, 37.230,0.000
18:30:14.888 profile,0,489,-74,1.00,39.434, 39.797,0.000
18:30:15.388 profile,0,490,-72,1.00,40.069, 40.817,38.854
18:30:15.888 profile,0,491,-72,1.00,39.526, 37.062,0.000
18:30:16.388 profile,0,492,-72,1.00,39.582, 42.664,38.829
18:30:16.938 profile,0,493,-75,1.00,39.614, 34.982,38.756
18:30:17.389 profile,0,494,-71,1.00,41.055, 39.779,38.808
18:30:17.887 profile,0,495,-72,1.00,0.000, 35.645,0.000
18:30:18.387 profile,0,496,-72,0.00,0.000, 41.221,0.000
18:30:18.888 profile,0,497,-73,0.00,39.978, 39.460,38.645
18:30:19.388 profile,0,498,-72,1.00,40.355, 36.462,0.000
18:30:19.887 profile,0,499,-73,1.00,40.335, 38.280,0.000
18:30:20.388 profile,0,500,-73,1.00,40.181, 38.913,38.645
18:30:20.888 profile,0,501,-73,1.00,39.521, 38.538,38.846
18:30:21.388 profile,0,502,-74,1.00,40.109, 35.638,39.025
18:30:21.888 profile,0,503,-70,1.00,39.757, 36.162,38.968
18:30:22.388 profile,0,504,-72,1.00,40.489, 33.187,38.938
18:30:22.937 profile,0,505,-73,1.00,0.000, 39.423,0.000
18:30:23.387 profile,0,506,-72,0.00,0.000, 35.338,0.000
18:30:23.887 profile,0,507,-75,0.00,40.081, 40.622,0.000
18:30:24.388 profile,0,508,-73,1.00,39.886, 33.127,38.929
18:30:24.888 profile,0,509,-74,1.00,40.556, 39.258,38.938
