dist: 10m

18:13:54.107 profile,0,732,-68,1.00,10.640, 7.570,9.599
18:13:54.607 profile,0,733,-67,1.00,10.382, 9.275,9.635
18:13:55.157 profile,0,734,-66,1.00,11.097, 10.849,8.197
18:13:55.607 profile,0,735,-67,1.00,10.577, 9.706,9.369
18:13:56.107 profile,0,736,-66,1.00,10.465, 7.701,9.592
18:13:56.607 profile,0,737,-67,1.00,11.276, 11.152,9.369
18:13:57.107 profile,0,738,-68,1.00,10.766, 8.454,6.958
18:13:57.607 profile,0,739,-65,1.00,11.112, 10.830,9.599
18:13:58.107 profile,0,740,-65,1.00,8.803, 4.622,9.629
18:13:58.607 profile,0,741,-67,1.00,10.569, 7.532,9.635
18:13:59.107 profile,0,742,-69,1.00,11.420, 7.520,9.599
18:13:59.607 profile,0,743,-67,1.00,11.877, 7.495,9.557
18:14:00.207 profile,0,744,-67,1.00,12.032, 10.068,9.537
18:14:00.608 profile,0,745,-67,1.00,12.745, 9.468,9.446
18:14:01.107 profile,0,746,-67,1.00,11.059, 7.663,9.404
18:14:01.607 profile,0,747,-67,1.00,12.137, 13.551,9.446
18:14:02.107 profile,0,748,-68,1.00,10.535, 8.919,9.572
18:14:02.657 profile,0,749,-66,1.00,11.673, 4.815,9.515
18:14:03.107 profile,0,750,-68,1.00,11.512, 5.902,9.429
18:14:03.607 profile,0,751,-71,1.00,10.692, 8.956,6.646
18:14:04.156 profile,0,752,-67,1.00,11.474, 11.823,0.000
18:14:04.607 profile,0,753,-67,1.00,10.707, 7.420,9.502
18:14:05.107 profile,0,754,-68,1.00,11.024, 7.690,9.485
18:14:05.607 profile,0,755,-69,1.00,11.384, 9.874,9.369
18:14:06.107 profile,0,756,-68,1.00,11.525, 11.973,9.522
18:14:06.657 profile,0,757,-69,1.00,10.447, 7.585,9.586
18:14:07.107 profile,0,758,-65,1.00,11.553, 8.664,9.540
18:14:07.607 profile,0,759,-67,1.00,12.440, 5.303,9.561
18:14:08.107 profile,0,760,-65,1.00,11.811, 7.000,9.463
18:14:08.607 profile,0,761,-69,1.00,11.422, 3.672,9.549
18:14:09.107 profile,0,762,-67,1.00,11.807, 8.825,9.528
18:14:09.607 profile,0,763,-65,1.00,12.639, 12.610,8.490
18:14:10.107 profile,0,764,-65,1.00,11.751, 7.240,9.369
18:14:10.606 profile,0,765,-68,1.00,12.928, 13.146,9.574
18:14:11.106 profile,0,766,-69,1.00,12.219, 10.399,0.000
18:14:11.606 profile,0,767,-69,1.00,10.879, 13.097,9.446
18:14:12.106 profile,0,768,-69,1.00,12.257, 9.369,9.573
18:14:12.606 profile,0,769,-68,1.00,11.223, 11.411,9.369
18:14:13.106 profile,0,770,-65,1.00,11.253, 8.304,9.630
18:14:13.606 profile,0,771,-67,1.00,11.545, 7.735,8.490
18:14:14.106 profile,0,772,-68,1.00,10.794, 10.137,9.627
18:14:14.706 profile,0,773,-66,1.00,11.763, 6.580,9.618
18:14:15.156 profile,0,774,-66,1.00,10.673, 3.598,9.649
18:14:15.606 profile,0,775,-67,1.00,11.578, 7.382,9.684
18:14:16.106 profile,0,776,-66,1.00,10.715, 14.371,9.681
18:14:16.606 profile,0,777,-67,1.00,10.717, 8.454,9.680
18:14:17.156 profile,0,778,-66,1.00,11.226, 11.373,9.703
18:14:17.606 profile,0,779,-66,1.00,11.601, 12.022,0.000
18:14:18.106 profile,0,780,-67,1.00,10.720, 6.090,0.000
18:14:18.606 profile,0,781,-66,1.00,11.262, 14.090,9.663
18:14:19.106 profile,0,782,-66,1.00,10.887, 11.467,9.596
18:14:19.606 profile,0,783,-66,1.00,10.577, 10.006,9.610
18:14:20.106 profile,0,784,-66,1.00,11.587, 9.575,9.616
18:14:20.606 profile,0,785,-66,1.00,12.591, 10.081,9.369
18:14:21.106 profile,0,786,-65,1.00,12.492, 6.895,9.592
18:14:21.606 profile,0,787,-66,1.00,12.179, 14.990,9.615
18:14:22.106 profile,0,788,-66,1.00,11.754, 9.668,8.490
18:14:22.606 profile,0,789,-65,1.00,11.470, 13.603,0.000
18:14:23.106 profile,0,790,-66,1.00,10.888, 7.270,9.633
18:14:23.606 profile,0,791,-65,1.00,10.247, 12.010,9.600
18:14:24.106 profile,0,792,-67,1.00,11.122, 11.579,9.369
18:14:24.606 profile,0,793,-68,1.00,11.080, 13.228,9.369
18:14:25.106 profile,0,794,-65,1.00,10.727, 10.043,9.369
18:14:25.606 profile,0,795,-67,1.00,10.586, 11.107,9.580
18:14:26.106 profile,0,796,-66,1.00,11.147, 12.666,9.557
18:14:26.706 profile,0,797,-69,1.00,11.220, 7.514,9.566
18:14:27.106 profile,0,798,-69,1.00,11.915, 8.494,9.582
18:14:27.606 profile,0,799,-66,1.00,11.488, 11.272,9.459
18:14:28.106 profile,0,800,-65,1.00,11.332, 6.258,9.369
18:14:28.606 profile,0,801,-65,1.00,12.429, 9.987,9.622
18:14:29.106 profile,0,802,-66,1.00,11.311, 10.418,9.523
18:14:29.606 profile,0,803,-67,1.00,10.585, 11.647,9.543
18:14:30.105 profile,0,804,-64,1.00,11.566, 11.411,0.000
18:14:30.655 profile,0,805,-68,1.00,12.266, 8.582,9.587
18:14:31.105 profile,0,806,-67,1.00,10.673, 5.921,0.000
18:14:31.655 profile,0,807,-65,1.00,11.119, 9.324,9.369
18:14:32.106 profile,0,808,-66,1.00,10.320, 7.370,9.530
18:14:32.605 profile,0,809,-67,1.00,12.254, 6.314,9.520
18:14:33.105 profile,0,810,-68,1.00,11.047, 7.963,9.456
18:14:33.605 profile,0,811,-66,1.00,11.241, 6.805,9.497
18:14:34.105 profile,0,812,-68,1.00,11.794, 14.596,9.519
18:14:34.605 profile,0,813,-67,1.00,11.043, 4.062,9.542
18:14:35.105 profile,0,814,-66,1.00,12.712, 3.598,9.490
18:14:35.605 profile,0,815,-70,1.00,10.799, 9.762,9.471
18:14:36.105 profile,0,816,-67,1.00,12.295, 12.666,9.556
18:14:36.605 profile,0,817,-66,1.00,11.585, 6.820,9.614
18:14:37.105 profile,0,818,-66,1.00,10.630, 8.619,9.446
18:14:37.606 profile,0,819,-65,1.00,11.050, 7.705,9.494
18:14:38.105 profile,0,820,-66,1.00,12.153, 10.538,9.459
18:14:38.605 profile,0,821,-66,1.00,11.503, 9.799,9.408
18:14:39.105 profile,0,822,-66,1.00,11.556, 9.087,9.382
18:14:39.605 profile,0,823,-67,1.00,11.651, 5.546,9.435
18:14:40.155 profile,0,824,-68,1.00,11.579, 9.050,9.485
18:14:40.654 profile,0,825,-68,1.00,10.722, 14.515,0.000
18:14:41.105 profile,0,826,-65,1.00,12.542, 8.769,6.787
18:14:41.605 profile,0,827,-69,1.00,10.475, 15.514,9.577
18:14:42.104 profile,0,828,-67,1.00,11.358, 9.099,0.000
18:14:42.605 profile,0,829,-66,1.00,12.251, 7.832,9.530
18:14:43.105 profile,0,830,-69,1.00,12.776, 10.174,9.492
18:14:43.605 profile,0,831,-68,1.00,12.500, 10.399,9.510
18:14:44.105 profile,0,832,-68,1.00,13.697, 7.626,9.554
18:14:44.604 profile,0,833,-66,1.00,11.462, 4.235,0.000
18:14:45.105 profile,0,834,-67,1.00,11.932, 8.863,9.584
18:14:45.605 profile,0,835,-67,1.00,11.968, 11.654,9.369
18:14:46.105 profile,0,836,-66,1.00,11.493, 7.705,9.558
18:14:46.605 profile,0,837,-67,1.00,11.889, 7.870,9.540
18:14:47.105 profile,0,838,-65,1.00,12.902, 5.696,9.541
18:14:47.605 profile,0,839,-66,1.00,12.474, 8.450,9.568
18:14:48.105 profile,0,840,-66,1.00,12.214, 11.032,9.369
18:14:48.605 profile,0,841,-66,1.00,12.346, 12.441,9.539
18:14:49.105 profile,0,842,-66,1.00,11.210, 12.591,9.495
18:14:49.605 profile,0,843,-66,1.00,10.908, 7.382,9.565
18:14:50.105 profile,0,844,-66,1.00,10.646, 11.917,9.556
18:14:50.604 profile,0,845,-67,1.00,10.370, 13.466,0.000
18:14:51.104 profile,0,846,-67,1.00,11.830, 5.259,9.565
18:14:51.604 profile,0,847,-65,1.00,12.346, 13.071,9.369
18:14:52.104 profile,0,848,-67,1.00,12.213, 12.681,0.000
18:14:52.604 profile,0,849,-67,1.00,11.885, 13.753,9.635
