dist: 35m

18:26:17.898 profile,0,19,-71,1.00,0.000, 33.633,0.000
18:26:18.399 profile,0,20,-71,0.00,34.207, 33.202,33.375
18:26:18.899 profile,0,21,-73,1.00,35.575, 33.966,0.000
18:26:19.399 profile,0,22,-70,1.00,35.203, 33.764,33.393
18:26:19.899 profile,0,23,-72,1.00,34.407, 33.183,0.000
18:26:20.449 profile,0,24,-72,1.00,34.977, 33.858,33.247
18:26:20.949 profile,0,25,-72,1.00,34.426, 32.940,33.164
18:26:21.399 profile,0,26,-72,1.00,34.755, 29.500,33.264
18:26:21.898 profile,0,27,-73,1.00,0.000, 36.425,0.000
18:26:22.399 profile,0,28,-72,0.00,0.000, 30.897,0.000
18:26:22.999 profile,0,29,-71,0.00,35.198, 32.288,33.175
18:26:23.400 profile,0,30,-74,1.00,35.051, 38.430,33.020
18:26:23.898 profile,0,31,-75,1.00,0.000, 33.314,0.000
18:26:24.398 profile,0,32,-72,0.00,0.000, 30.598,0.000
18:26:24.899 profile,0,33,-76,0.00,33.425, 28.255,32.973
18:26:25.398 profile,0,34,-72,1.00,0.000, 33.487,0.000
18:26:25.898 profile,0,35,-73,0.00,0.000, 30.999,0.000
18:26:26.398 profile,0,36,-72,0.00,0.000, 33.127,0.000
18:26:26.949 profile,0,37,-73,0.00,34.691, 28.574,32.992
18:26:27.448 profile,0,38,-72,1.00,0.000, 36.369,0.000
18:26:27.898 profile,0,39,-72,0.00,0.000, 31.010,0.000
18:26:28.399 profile,0,40,-75,0.00,0.000, 34.233,0.000
18:26:28.898 profile,0,41,-73,0.00,36.846, 28.900,0.000
18:26:29.398 profile,0,42,-71,1.00,35.715, 28.405,0.000
18:26:29.949 profile,0,43,-73,1.00,35.054, 35.881,33.187
18:26:30.399 profile,0,44,-70,1.00,34.265, 28.240,33.096
18:26:30.898 profile,0,45,-71,1.00,0.000, 29.530,0.000
18:26:31.398 profile,0,46,-71,0.00,35.987, 31.815,0.000
18:26:31.898 profile,0,47,-76,1.00,34.233, 34.281,0.000
18:26:32.448 profile,0,48,-74,1.00,0.000, 33.337,0.000
18:26:32.998 profile,0,49,-72,0.00,35.194, 30.354,0.000
18:26:33.448 profile,0,50,-74,1.00,0.000, 34.501,0.000
18:26:33.949 profile,0,51,-72,0.00,34.636, 40.072,33.032
18:26:34.448 profile,0,52,-74,1.00,0.000, 31.497,0.000
18:26:34.948 profile,0,53,-71,0.00,0.000, 38.954,0.000
18:26:35.448 profile,0,54,-71,0.00,0.000, 31.385,0.000
18:26:35.898 profile,0,55,-71,0.00,0.000, 32.647,0.000
18:26:36.399 profile,0,56,-74,0.00,34.466, 39.887,33.599
18:26:36.898 profile,0,57,-70,1.00,35.926, 33.708,0.000
18:26:37.399 profile,0,58,-70,1.00,35.528, 32.952,0.000
18:26:37.948 profile,0,59,-73,1.00,0.000, 36.275,0.000
18:26:38.398 profile,0,60,-72,0.00,35.018, 32.752,0.000
18:26:38.898 profile,0,61,-71,1.00,0.000, 32.947,0.000
18:26:39.398 profile,0,62,-71,0.00,0.000, 34.738,0.000
18:26:39.898 profile,0,63,-71,0.00,36.251, 33.708,34.113
18:26:40.448 profile,0,64,-72,1.00,37.089, 33.296,0.000
18:26:40.897 profile,0,65,-74,1.00,0.000, 27.431,0.000
18:26:41.447 profile,0,66,-73,0.00,0.000, 40.509,0.000
18:26:41.948 profile,0,67,-75,0.00,0.000, 33.352,0.000
18:26:42.398 profile,0,68,-70,0.00,37.612, 33.976,0.000
18:26:42.897 profile,0,69,-74,1.00,0.000, 30.691,0.000
18:26:43.398 profile,0,70,-70,0.00,36.118, 37.886,0.000
18:26:43.898 profile,0,71,-73,1.00,36.810, 34.866,0.000
18:26:44.398 profile,0,72,-74,1.00,0.000, 35.619,0.000
18:26:44.897 profile,0,73,-71,0.00,0.000, 37.294,0.000
18:26:45.497 profile,0,74,-73,0.00,37.168, 32.171,0.000
18:26:45.898 profile,0,75,-71,1.00,37.215, 29.642,0.000
18:26:46.398 profile,0,76,-69,1.00,36.411, 32.340,34.260
18:26:46.898 profile,0,77,-71,1.00,35.526, 34.151,34.293
18:26:47.397 profile,0,78,-72,1.00,0.000, 35.900,0.000
18:26:47.897 profile,0,79,-69,0.00,0.000, 38.044,0.000
18:26:48.397 profile,0,80,-72,0.00,0.000, 34.776,0.000
18:26:48.897 profile,0,81,-71,0.00,0.000, 36.425,0.000
18:26:49.447 profile,0,82,-70,0.00,36.359, 33.408,0.000
18:26:49.898 profile,0,83,-71,1.00,37.233, 36.893,0.000
18:26:50.397 profile,0,84,-71,1.00,0.000, 35.226,0.000
18:26:50.947 profile,0,85,-71,0.00,35.805, 37.174,0.000
18:26:51.398 profile,0,86,-72,1.00,36.161, 35.151,34.340
18:26:51.897 profile,0,87,-73,1.00,0.000, 30.560,0.000
18:26:52.398 profile,0,88,-73,0.00,35.355, 33.989,34.299
18:26:52.898 profile,0,89,-70,1.00,35.441, 33.258,34.366
18:26:53.398 profile,0,90,-73,1.00,35.481, 34.532,34.046
18:26:53.898 profile,0,91,-73,1.00,36.259, 36.181,33.961
18:26:54.498 profile,0,92,-69,1.00,36.942, 36.650,34.398
18:26:54.947 profile,0,93,-76,1.00,0.000, 30.744,0.000
18:26:55.398 profile,0,94,-75,0.00,36.399, 35.038,34.069
18:26:55.897 profile,0,95,-71,1.00,35.393, 33.337,0.000
18:26:56.397 profile,0,96,-69,1.00,35.344, 38.055,0.000
18:26:56.897 profile,0,97,-72,1.00,35.659, 35.091,0.000
18:26:57.398 profile,0,98,-70,1.00,35.687, 32.022,34.109
18:26:57.898 profile,0,99,-73,1.00,35.822, 30.834,34.007
18:26:58.398 profile,0,100,-72,1.00,34.735, 34.026,34.031
18:26:58.897 profile,0,101,-70,1.00,36.104, 32.677,34.367
18:26:59.397 profile,0,102,-72,1.00,0.000, 33.539,0.000
18:26:59.897 profile,0,103,-71,0.00,0.000, 30.373,0.000
18:27:00.397 profile,0,104,-70,0.00,34.834, 34.982,34.474
18:27:00.897 profile,0,105,-68,1.00,35.310, 36.874,34.254
18:27:01.447 profile,0,106,-70,1.00,35.479, 31.353,33.375
18:27:01.897 profile,0,107,-71,1.00,34.794, 30.429,0.000
18:27:02.398 profile,0,108,-70,1.00,36.283, 31.178,34.254
18:27:02.896 profile,0,109,-70,1.00,0.000, 36.350,0.000
18:27:03.397 profile,0,110,-72,0.00,35.270, 34.926,0.000
18:27:03.947 profile,0,111,-71,1.00,35.881, 37.249,34.287
18:27:04.397 profile,0,112,-70,1.00,36.652, 35.600,0.000
18:27:04.897 profile,0,113,-69,1.00,34.578, 32.115,0.000
18:27:05.397 profile,0,114,-72,1.00,35.899, 31.828,0.000
18:27:05.947 profile,0,115,-71,1.00,36.041, 34.851,34.351
18:27:06.397 profile,0,116,-72,1.00,35.783, 38.729,0.000
18:27:06.897 profile,0,117,-71,1.00,36.114, 34.364,34.256
18:27:07.396 profile,0,118,-69,1.00,36.175, 29.436,0.000
18:27:07.896 profile,0,119,-72,1.00,36.225, 32.977,0.000
18:27:08.397 profile,0,120,-71,1.00,35.520, 34.581,34.240
18:27:08.896 profile,0,121,-69,1.00,36.541, 31.673,0.000
18:27:09.397 profile,0,122,-71,1.00,35.724, 32.877,34.321
18:27:09.897 profile,0,123,-71,1.00,36.286, 31.984,34.292
18:27:10.397 profile,0,124,-70,1.00,36.712, 34.476,34.217
18:27:10.896 profile,0,125,-70,1.00,0.000, 33.989,0.000
18:27:11.397 profile,0,126,-71,0.00,35.225, 33.521,34.229
18:27:11.897 profile,0,127,-72,1.00,35.912, 39.704,34.174
18:27:12.397 profile,0,128,-70,1.00,36.442, 35.181,29.569
18:27:12.896 profile,0,129,-70,1.00,0.000, 37.006,0.000
18:27:13.546 profile,0,130,-73,0.00,0.000, 36.237,0.000
18:27:13.947 profile,0,131,-81,0.00,0.000, 38.636,0.000
18:27:14.596 profile,0,132,-89,0.00,0.000, 36.625,0.000
18:27:14.946 profile,0,133,-78,0.00,0.000, 41.571,0.000
18:27:15.446 profile,0,134,-85,0.00,0.000, 33.502,0.000
18:27:16.046 profile,0,135,-76,0.00,0.000, 43.639,0.000
18:27:16.446 profile,0,136,-85,0.00,0.000, 36.275,0.000
18:27:16.946 profile,0,137,-76,0.00,0.000, 32.527,0.000
18:27:17.396 profile,0,138,-83,0.00,0.000, 36.462,0.000
18:27:18.146 profile,0,139,-82,0.00,0.000, 43.920,0.000
18:27:18.496 profile,0,140,-74,0.00,0.000, 35.844,0.000
18:27:18.897 profile,0,141,-80,0.00,35.630, 36.000,0.000
18:27:19.397 profile,0,142,-71,1.00,35.847, 34.045,34.254
18:27:19.897 profile,0,143,-71,1.00,35.398, 32.378,34.208
18:27:20.396 profile,0,144,-73,1.00,36.439, 39.847,0.000
18:27:20.946 profile,0,145,-77,1.00,0.000, 27.319,0.000
18:27:21.396 profile,0,146,-75,0.00,0.000, 35.469,0.000
18:27:21.995 profile,0,147,-79,0.00,0.000, 41.072,0.000
18:27:22.645 profile,0,148,-80,0.00,0.000, 29.886,0.000
18:27:23.095 profile,0,149,-75,0.00,0.000, 35.619,0.000
18:27:23.446 profile,0,150,-79,0.00,0.000, 35.376,0.000
18:27:24.045 profile,0,151,-83,0.00,0.000, 38.928,0.000
18:27:24.446 profile,0,152,-77,0.00,0.000, 29.061,0.000
18:27:25.045 profile,0,153,-79,0.00,0.000, 31.903,0.000
18:27:25.396 profile,0,154,-79,0.00,0.000, 32.134,0.000
18:27:25.995 profile,0,155,-77,0.00,0.000, 38.418,0.000
18:27:26.396 profile,0,156,-81,0.00,0.000, 51.289,0.000
18:27:27.145 profile,0,157,-75,0.00,0.000, 42.908,0.000
18:27:27.446 profile,0,158,-75,0.00,0.000, 29.267,0.000
18:27:27.895 profile,0,159,-77,0.00,0.000, 25.198,0.000
18:27:28.396 profile,0,160,-75,0.00,37.139, 34.956,34.100
18:27:28.896 profile,0,161,-75,1.00,36.128, 36.725,34.134
18:27:29.445 profile,0,162,-70,1.00,36.140, 29.398,0.000
18:27:29.945 profile,0,163,-72,1.00,0.000, 32.022,0.000
18:27:30.396 profile,0,164,-72,0.00,36.241, 31.673,34.220
18:27:30.895 profile,0,165,-72,1.00,0.000, 34.158,0.000
18:27:31.446 profile,0,166,-72,0.00,37.135, 31.909,33.971
18:27:31.895 profile,0,167,-74,1.00,0.000, 38.973,0.000
18:27:32.395 profile,0,168,-74,0.00,0.000, 33.637,0.000
18:27:32.896 profile,0,169,-74,0.00,35.425, 31.958,33.997
18:27:33.446 profile,0,170,-72,1.00,36.486, 32.640,34.398
18:27:33.895 profile,0,171,-75,1.00,0.000, 33.652,0.000
18:27:34.395 profile,0,172,-77,0.00,0.000, 26.850,0.000
18:27:34.895 profile,0,173,-80,0.00,0.000, 43.357,0.000
18:27:35.396 profile,0,174,-77,0.00,35.645, 38.898,34.254
18:27:35.896 profile,0,175,-71,1.00,35.784, 30.204,34.327
18:27:36.396 profile,0,176,-73,1.00,35.865, 32.797,34.435
18:27:36.896 profile,0,177,-71,1.00,36.282, 36.825,34.451
18:27:37.395 profile,0,178,-72,1.00,0.000, 34.351,0.000
18:27:37.895 profile,0,179,-71,0.00,0.000, 35.844,0.000
18:27:38.445 profile,0,180,-74,0.00,36.286, 33.652,0.000
18:27:38.896 profile,0,181,-75,1.00,36.940, 35.226,34.254
18:27:39.396 profile,0,182,-77,1.00,36.281, 38.044,33.961
18:27:39.895 profile,0,183,-76,1.00,35.930, 36.620,0.000
18:27:40.395 profile,0,184,-71,1.00,34.619, 31.428,0.000
18:27:40.945 profile,0,185,-72,1.00,35.342, 34.738,0.000
18:27:41.395 profile,0,186,-69,1.00,35.997, 33.277,0.000
18:27:41.945 profile,0,187,-70,1.00,35.455, 31.797,0.000
18:27:42.395 profile,0,188,-69,1.00,35.644, 34.236,34.254
18:27:42.895 profile,0,189,-71,1.00,0.000, 32.846,0.000
18:27:43.395 profile,0,190,-71,0.00,35.526, 35.241,0.000
18:27:43.895 profile,0,191,-70,1.00,36.449, 33.820,34.254
18:27:44.395 profile,0,192,-71,1.00,35.479, 35.001,34.489
18:27:44.895 profile,0,193,-70,1.00,35.213, 32.846,34.504
18:27:45.394 profile,0,194,-72,1.00,0.000, 32.927,0.000
18:27:45.945 profile,0,195,-70,0.00,36.650, 33.627,0.000
18:27:46.395 profile,0,196,-70,1.00,35.171, 28.349,0.000
18:27:46.895 profile,0,197,-71,1.00,36.130, 35.338,0.000
18:27:47.394 profile,0,198,-70,1.00,0.000, 34.870,0.000
18:27:47.994 profile,0,199,-71,0.00,0.000, 31.823,0.000
18:27:48.444 profile,0,200,-70,0.00,0.000, 33.539,0.000
18:27:48.896 profile,0,201,-69,0.00,36.216, 37.362,34.565
18:27:49.395 profile,0,202,-72,1.00,37.600, 33.783,34.254
18:27:49.894 profile,0,203,-70,1.00,36.015, 33.787,0.000
18:27:50.395 profile,0,204,-70,1.00,36.156, 32.153,34.604
18:27:50.944 profile,0,205,-70,1.00,0.000, 33.408,0.000
18:27:51.395 profile,0,206,-70,0.00,36.426, 36.365,34.597
18:27:51.895 profile,0,207,-73,1.00,35.937, 31.291,34.546
18:27:52.395 profile,0,208,-69,1.00,35.788, 34.795,34.630
18:27:52.894 profile,0,209,-69,1.00,0.000, 35.750,0.000
18:27:53.445 profile,0,210,-70,0.00,35.593, 36.031,34.643
18:27:53.894 profile,0,211,-69,1.00,0.000, 36.545,0.000
18:27:54.395 profile,0,212,-69,0.00,35.505, 31.965,34.547
18:27:54.895 profile,0,213,-71,1.00,36.663, 31.722,34.546
18:27:55.395 profile,0,214,-69,1.00,36.621, 34.726,34.643
18:27:55.894 profile,0,215,-71,1.00,0.000, 36.800,0.000
18:27:56.395 profile,0,216,-70,0.00,36.301, 28.930,34.254
18:27:56.894 profile,0,217,-71,1.00,36.958, 33.296,0.000
18:27:57.395 profile,0,218,-69,1.00,36.188, 38.917,34.507
18:27:57.894 profile,0,219,-70,1.00,0.000, 35.251,0.000
18:27:58.394 profile,0,220,-80,0.00,0.000, 27.787,0.000
18:27:58.994 profile,0,221,-74,0.00,0.000, 38.467,0.000
18:27:59.394 profile,0,222,-75,0.00,0.000, 31.378,0.000
18:28:00.044 profile,0,223,-75,0.00,0.000, 44.463,0.000
18:28:00.594 profile,0,224,-77,0.00,0.000, 38.398,0.000
18:28:00.994 profile,0,225,-75,0.00,0.000, 32.378,0.000
18:28:01.394 profile,0,226,-79,0.00,0.000, 41.409,0.000
18:28:01.894 profile,0,227,-82,0.00,0.000, 35.975,0.000
18:28:02.394 profile,0,228,-78,0.00,0.000, 45.381,0.000
18:28:03.094 profile,0,229,-86,0.00,0.000, 42.346,0.000
18:28:03.544 profile,0,230,-83,0.00,0.000, 47.017,0.000
18:28:03.894 profile,0,231,-74,0.00,0.000, 35.263,0.000
18:28:04.394 profile,0,232,-79,0.00,35.825, 29.099,0.000
18:28:04.944 profile,0,233,-77,1.00,0.000, 25.737,0.000
18:28:05.444 profile,0,234,-72,0.00,0.000, 35.570,0.000
18:28:05.993 profile,0,235,-72,0.00,0.000, 41.971,0.000
18:28:06.393 profile,0,236,-75,0.00,0.000, 31.759,0.000
18:28:06.944 profile,0,237,-73,0.00,36.143, 38.017,0.000
18:28:07.443 profile,0,238,-74,1.00,0.000, 42.121,0.000
18:28:07.894 profile,0,239,-74,0.00,0.000, 34.761,0.000
18:28:08.443 profile,0,240,-76,0.00,0.000, 29.042,0.000
18:28:08.894 profile,0,241,-75,0.00,40.089, 34.270,0.000
18:28:09.394 profile,0,242,-75,1.00,36.128, 39.398,0.000
18:28:09.894 profile,0,243,-69,1.00,35.920, 37.234,34.538
18:28:10.493 profile,0,244,-69,1.00,0.000, 31.778,0.000
18:28:10.894 profile,0,245,-69,0.00,35.416, 32.677,0.000
18:28:11.394 profile,0,246,-69,1.00,35.630, 33.452,34.660
18:28:11.893 profile,0,247,-71,1.00,35.763, 33.802,0.000
18:28:12.393 profile,0,248,-72,1.00,36.903, 38.074,0.000
18:28:12.894 profile,0,249,-72,1.00,36.050, 36.444,0.000
18:28:13.394 profile,0,250,-70,1.00,37.491, 35.465,34.397
18:28:13.894 profile,0,251,-71,1.00,35.868, 31.235,34.479
18:28:14.394 profile,0,252,-72,1.00,35.726, 29.619,34.396
18:28:14.893 profile,0,253,-70,1.00,37.493, 35.885,0.000
18:28:15.494 profile,0,254,-72,1.00,36.193, 34.626,34.396
18:28:15.944 profile,0,255,-70,1.00,37.371, 32.921,34.355
18:28:16.394 profile,0,256,-68,1.00,36.019, 35.975,0.000
18:28:16.893 profile,0,257,-71,1.00,36.284, 29.430,0.000
18:28:17.444 profile,0,258,-70,1.00,36.383, 34.120,34.630
18:28:17.895 profile,0,259,-69,1.00,35.129, 35.166,34.624
18:28:18.394 profile,0,260,-67,1.00,35.886, 32.752,34.537
18:28:18.894 profile,0,261,-70,1.00,37.006, 31.928,34.577
18:28:19.444 profile,0,262,-71,1.00,35.985, 36.815,33.961
18:28:19.894 profile,0,263,-70,1.00,36.712, 36.462,34.254
18:28:20.444 profile,0,264,-70,1.00,36.680, 30.879,34.529
18:28:20.893 profile,0,265,-70,1.00,0.000, 33.464,0.000
18:28:21.394 profile,0,266,-72,0.00,36.765, 35.151,34.254
18:28:21.944 profile,0,267,-73,1.00,35.750, 34.821,34.321
18:28:22.643 profile,0,268,-70,1.00,0.000, 26.007,0.000
18:28:22.993 profile,0,269,-77,0.00,0.000, 29.024,0.000
18:28:23.443 profile,0,270,-78,0.00,0.000, 33.483,0.000
18:28:23.893 profile,0,271,-73,0.00,0.000, 35.810,0.000
18:28:24.393 profile,0,272,-77,0.00,0.000, 39.498,0.000
18:28:24.943 profile,0,273,-84,0.00,0.000, 36.750,0.000
18:28:25.492 profile,0,274,-76,0.00,0.000, 29.323,0.000
18:28:25.993 profile,0,275,-79,0.00,0.000, 43.882,0.000
18:28:26.592 profile,0,276,-79,0.00,0.000, 34.139,0.000
18:28:26.943 profile,0,277,-84,0.00,0.000, 26.588,0.000
18:28:27.443 profile,0,278,-78,0.00,0.000, 34.506,0.000
18:28:27.992 profile,0,279,-76,0.00,0.000, 41.147,0.000
18:28:28.393 profile,0,280,-76,0.00,0.000, 31.141,0.000
18:28:28.992 profile,0,281,-77,0.00,0.000, 40.865,0.000
18:28:29.492 profile,0,282,-76,0.00,0.000, 40.266,0.000
18:28:29.993 profile,0,283,-73,0.00,36.045, 32.415,0.000
18:28:30.393 profile,0,284,-70,1.00,0.000, 36.593,0.000
18:28:30.993 profile,0,285,-70,0.00,36.385, 36.924,34.358
18:28:31.393 profile,0,286,-70,1.00,36.200, 38.448,34.371
18:28:31.893 profile,0,287,-70,1.00,0.000, 32.921,0.000
18:28:32.443 profile,0,288,-70,0.00,35.381, 35.263,34.406
18:28:32.943 profile,0,289,-75,1.00,34.705, 29.024,34.218
18:28:33.394 profile,0,290,-70,1.00,36.240, 37.736,34.353
18:28:33.943 profile,0,291,-73,1.00,35.364, 35.390,34.275
18:28:34.394 profile,0,292,-71,1.00,35.960, 35.844,33.961
18:28:34.893 profile,0,293,-70,1.00,35.639, 33.258,34.390
18:28:35.442 profile,0,294,-69,1.00,35.350, 34.161,0.000
18:28:35.893 profile,0,295,-73,1.00,36.445, 32.877,0.000
18:28:36.392 profile,0,296,-70,1.00,0.000, 32.640,0.000
18:28:36.893 profile,0,297,-71,0.00,0.000, 34.214,0.000
18:28:37.393 profile,0,298,-69,0.00,35.987, 33.333,34.638
18:28:37.942 profile,0,299,-72,1.00,35.260, 31.853,0.000
18:28:38.442 profile,0,300,-75,1.00,0.000, 42.271,0.000
18:28:39.189 [00:02:37.244,298] [1;31m<err> nrf_initiator: Dropped subevent results due to unfinished ranging data request.[0m
18:28:40.099 [00:02:38.154,048] [1;33m<wrn> ras_rreq: Ranging data out buffer not large enough for next segment (342 < 493)[0m
18:28:40.219 [00:02:38.274,268] [1;31m<err> nrf_initiator: Dropped subevent results due to unfinished ranging data request.[0m
18:28:40.361 [00:02:38.415,721] [1;31m<err> nrf_initiator: Error when getting ranging data with ranging counter 302 (err -12)[0m
18:28:40.505 [00:02:38.559,267] [1;31m<err> nrf_initiator: Out of mem, clearing[0m
18:28:40.593 [00:02:38.648,304] [1;31m<err> nrf_initiator: NOT GIVING LOCALSTEPS SEM for CONN F4:0D:AC:82:A2:1A (random) FROM ERR[0m
18:28:40.726 [00:02:38.781,462] [1;31m<err> nrf_initiator: Dropped subevent results due to unfinished ranging data request.[0m
18:28:41.092 profile,0,301,-83,0.00,0.000, 49.335,0.000
18:28:41.443 profile,0,302,-78,0.00,36.186, 34.826,34.563
18:28:41.893 profile,0,303,-71,1.00,36.033, 30.935,34.453
18:28:42.392 profile,0,304,-70,1.00,35.992, 35.769,0.000
18:28:42.942 profile,0,305,-70,1.00,35.899, 37.489,0.000
18:28:43.493 profile,0,306,-69,1.00,35.862, 31.197,34.644
18:28:43.892 profile,0,307,-69,1.00,36.956, 36.485,0.000
18:28:44.392 profile,0,308,-72,1.00,34.910, 33.327,0.000
18:28:44.892 profile,0,309,-69,1.00,36.056, 33.389,0.000
18:28:45.392 profile,0,310,-69,1.00,36.348, 36.200,0.000
18:28:45.893 profile,0,311,-69,1.00,34.921, 35.806,33.083
18:28:46.393 profile,0,312,-73,1.00,35.589, 31.828,34.470
18:28:46.893 profile,0,313,-71,1.00,35.105, 36.518,34.495
18:28:47.393 profile,0,314,-70,1.00,35.400, 32.809,34.491
18:28:47.942 profile,0,315,-71,1.00,36.090, 40.079,34.382
18:28:48.392 profile,0,316,-71,1.00,0.000, 31.366,0.000
18:28:49.041 profile,0,317,-79,0.00,0.000, 34.376,0.000
18:28:49.541 profile,0,318,-81,0.00,0.000, 27.131,0.000
18:28:49.893 profile,0,319,-73,0.00,37.067, 39.363,34.467
18:28:50.491 profile,0,320,-75,1.00,0.000, 30.485,0.000
18:28:50.941 profile,0,321,-70,0.00,0.000, 38.074,0.000
18:28:51.442 profile,0,322,-72,0.00,37.076, 27.106,34.285
18:28:51.892 profile,0,323,-71,1.00,36.925, 24.163,0.000
