dist: 15m

18:16:01.651 profile,0,987,-72,1.00,18.820, 16.957,14.165
18:16:02.101 profile,0,988,-72,1.00,17.143, 12.831,14.059
18:16:02.651 profile,0,989,-73,1.00,16.746, 10.511,14.045
18:16:03.101 profile,0,990,-73,1.00,18.178, 10.538,14.020
18:16:03.601 profile,0,991,-71,1.00,16.486, 13.641,0.000
18:16:04.101 profile,0,992,-72,1.00,17.890, 13.997,14.113
18:16:04.601 profile,0,993,-73,1.00,16.581, 16.151,14.160
18:16:05.100 profile,0,994,-74,1.00,17.635, 8.263,0.000
18:16:05.601 profile,0,995,-77,1.00,18.873, 10.006,0.000
18:16:06.150 profile,0,996,-75,1.00,0.000, 15.155,0.000
18:16:06.651 profile,0,997,-76,0.00,16.310, 14.353,14.205
18:16:07.151 profile,0,998,-72,1.00,16.660, 10.718,14.345
18:16:07.601 profile,0,999,-71,1.00,17.987, 13.228,14.053
18:16:08.100 profile,0,1000,-69,1.00,0.000, 8.094,0.000
18:16:08.701 profile,0,1001,-74,0.00,14.569, 19.449,14.235
18:16:09.101 profile,0,1002,-69,1.00,17.515, 17.257,0.000
18:16:09.600 profile,0,1003,-69,1.00,0.000, 16.526,0.000
18:16:10.100 profile,0,1004,-72,0.00,16.886, 11.062,0.000
18:16:10.601 profile,0,1005,-74,1.00,18.016, 15.027,13.956
18:16:11.101 profile,0,1006,-73,1.00,16.484, 15.839,14.064
18:16:11.601 profile,0,1007,-71,1.00,19.154, 17.163,14.070
18:16:12.100 profile,0,1008,-70,1.00,15.424, 15.140,0.000
18:16:12.751 profile,0,1009,-71,1.00,17.449, 7.840,14.080
18:16:13.101 profile,0,1010,-71,1.00,16.132, 9.968,14.168
18:16:13.601 profile,0,1011,-70,1.00,16.602, 9.953,14.128
18:16:14.100 profile,0,1012,-70,1.00,16.558, 19.149,0.000
18:16:14.601 profile,0,1013,-71,1.00,16.533, 13.656,14.168
18:16:15.100 profile,0,1014,-71,1.00,16.359, 16.114,0.000
18:16:15.600 profile,0,1015,-73,1.00,17.503, 11.280,0.000
18:16:16.101 profile,0,1016,-71,1.00,17.038, 15.709,14.071
18:16:16.650 profile,0,1017,-71,1.00,17.390, 14.802,0.000
18:16:17.101 profile,0,1018,-71,1.00,17.568, 15.095,14.133
18:16:17.600 profile,0,1019,-71,1.00,0.000, 11.523,0.000
18:16:18.101 profile,0,1020,-73,0.00,17.264, 19.816,14.112
18:16:18.600 profile,0,1021,-71,1.00,0.000, 15.833,0.000
18:16:19.101 profile,0,1022,-72,0.00,16.235, 12.048,14.113
18:16:19.601 profile,0,1023,-69,1.00,17.678, 12.866,14.116
18:16:20.100 profile,0,1024,-70,1.00,17.557, 13.790,14.096
18:16:20.600 profile,0,1025,-70,1.00,15.649, 14.634,0.000
18:16:21.100 profile,0,1026,-70,1.00,17.360, 10.643,14.274
18:16:21.600 profile,0,1027,-69,1.00,17.140, 10.586,14.132
18:16:22.149 profile,0,1028,-71,1.00,0.000, 19.861,0.000
18:16:22.650 profile,0,1029,-70,0.00,17.629, 19.112,11.283
18:16:23.100 profile,0,1030,-70,1.00,17.682, 15.140,14.165
18:16:23.600 profile,0,1031,-72,1.00,18.090, 18.568,13.986
18:16:24.100 profile,0,1032,-71,1.00,19.179, 7.645,0.000
18:16:24.600 profile,0,1033,-75,1.00,18.554, 9.204,14.016
18:16:25.099 profile,0,1034,-70,1.00,0.000, 14.015,0.000
18:16:25.700 profile,0,1035,-71,0.00,19.744, 17.482,0.000
18:16:26.100 profile,0,1036,-71,1.00,0.000, 6.333,0.000
18:16:26.600 profile,0,1037,-74,0.00,19.644, 5.434,11.225
18:16:27.100 profile,0,1038,-73,1.00,20.488, 11.887,0.000
18:16:27.600 profile,0,1039,-72,1.00,18.147, 14.428,14.102
18:16:28.100 profile,0,1040,-75,1.00,19.565, 11.167,13.876
18:16:28.599 profile,0,1041,-73,1.00,18.320, 11.317,0.000
18:16:29.099 profile,0,1042,-73,1.00,0.000, 10.624,0.000
18:16:29.650 profile,0,1043,-73,0.00,19.002, 7.420,0.000
18:16:30.100 profile,0,1044,-72,1.00,18.903, 15.945,13.851
18:16:30.600 profile,0,1045,-73,1.00,18.331, 14.053,0.000
18:16:31.149 profile,0,1046,-71,1.00,0.000, 9.987,0.000
18:16:31.600 profile,0,1047,-74,0.00,17.820, 12.160,0.000
18:16:32.100 profile,0,1048,-72,1.00,17.314, 18.381,14.051
18:16:32.600 profile,0,1049,-74,1.00,18.750, 9.968,14.037
18:16:33.099 profile,0,1050,-71,1.00,19.245, 13.491,0.000
18:16:33.599 profile,0,1051,-70,1.00,18.461, 13.491,0.000
18:16:34.099 profile,0,1052,-73,1.00,17.687, 14.290,0.000
18:16:34.599 profile,0,1053,-74,1.00,0.000, 10.148,0.000
18:16:35.100 profile,0,1054,-74,0.00,19.384, 16.039,14.043
18:16:35.600 profile,0,1055,-70,1.00,20.294, 16.901,14.020
18:16:36.199 profile,0,1056,-71,1.00,17.695, 21.098,0.000
18:16:36.600 profile,0,1057,-71,1.00,17.984, 12.573,14.054
18:16:37.100 profile,0,1058,-72,1.00,20.307, 16.001,14.000
18:16:37.599 profile,0,1059,-72,1.00,18.486, 6.520,0.000
18:16:38.100 profile,0,1060,-69,1.00,18.315, 14.727,13.951
18:16:38.600 profile,0,1061,-73,1.00,17.670, 5.434,13.980
18:16:39.099 profile,0,1062,-69,1.00,16.648, 10.999,0.000
18:16:39.599 profile,0,1063,-70,1.00,0.000, 12.741,0.000
18:16:40.099 profile,0,1064,-69,0.00,18.490, 13.078,0.000
18:16:40.599 profile,0,1065,-73,1.00,17.917, 11.782,13.995
18:16:41.099 profile,0,1066,-71,1.00,0.000, 11.842,0.000
18:16:41.599 profile,0,1067,-73,0.00,17.785, 8.151,0.000
18:16:42.099 profile,0,1068,-72,1.00,0.000, 13.360,0.000
18:16:42.599 profile,0,1069,-75,0.00,17.009, 14.165,0.000
18:16:43.100 profile,0,1070,-71,1.00,17.431, 12.085,14.053
18:16:43.649 profile,0,1071,-74,1.00,17.878, 10.605,0.000
18:16:44.149 profile,0,1072,-71,1.00,17.637, 16.239,0.000
18:16:44.599 profile,0,1073,-69,1.00,0.000, 9.781,0.000
18:16:45.099 profile,0,1074,-72,0.00,19.678, 23.819,0.000
18:16:45.599 profile,0,1075,-72,1.00,15.260, 9.912,0.000
18:16:46.099 profile,0,1076,-69,1.00,17.766, 20.892,0.000
18:16:46.599 profile,0,1077,-74,1.00,17.965, 15.604,14.141
18:16:47.099 profile,0,1078,-72,1.00,17.715, 9.537,13.933
18:16:47.599 profile,0,1079,-72,1.00,17.569, 12.160,14.020
18:16:48.099 profile,0,1080,-72,1.00,17.956, 17.358,0.000
18:16:48.599 profile,0,1081,-74,1.00,16.596, 10.748,14.072
18:16:49.149 profile,0,1082,-72,1.00,18.495, 16.994,0.000
18:16:49.599 profile,0,1083,-76,1.00,15.739, 11.692,14.049
18:16:50.099 profile,0,1084,-74,1.00,16.234, 12.951,14.028
18:16:50.599 profile,0,1085,-71,1.00,16.727, 15.908,13.977
18:16:51.099 profile,0,1086,-70,1.00,16.194, 11.017,14.140
18:16:51.598 profile,0,1087,-70,1.00,17.014, 14.671,0.000
18:16:52.098 profile,0,1088,-69,1.00,0.000, 9.773,0.000
18:16:52.599 profile,0,1089,-71,0.00,18.005, 16.095,14.094
18:16:53.099 profile,0,1090,-71,1.00,17.001, 15.364,14.140
18:16:53.599 profile,0,1091,-71,1.00,17.254, 21.416,13.991
18:16:54.099 profile,0,1092,-70,1.00,16.918, 8.956,11.413
18:16:54.599 profile,0,1093,-76,1.00,16.632, 12.797,14.201
18:16:55.098 profile,0,1094,-71,1.00,15.172, 18.831,0.000
18:16:55.598 profile,0,1095,-76,1.00,17.878, 18.475,0.000