dist: 25m

18:19:31.895 profile,0,219,-80,1.00,0.000, 22.203,0.000
18:19:32.445 profile,0,220,-69,0.00,0.000, 32.677,0.000
18:19:32.846 profile,0,221,-68,0.00,25.972, 25.857,24.296
18:19:33.346 profile,0,222,-71,1.00,26.041, 29.548,24.230
18:19:33.895 profile,0,223,-72,1.00,0.000, 22.353,0.000
18:19:34.346 profile,0,224,-79,0.00,0.000, 22.724,0.000
18:19:34.845 profile,0,225,-75,0.00,0.000, 16.713,0.000
18:19:35.346 profile,0,226,-74,0.00,25.152, 21.154,24.275
18:19:35.846 profile,0,227,-73,1.00,27.684, 22.503,24.300
18:19:36.495 profile,0,228,-77,1.00,25.798, 26.157,0.000
18:19:36.846 profile,0,229,-69,1.00,27.067, 25.426,0.000
18:19:37.396 profile,0,230,-73,1.00,27.506, 19.861,24.300
18:19:37.996 profile,0,231,-71,1.00,26.912, 24.508,24.420
18:19:38.347 profile,0,232,-72,1.00,25.845, 25.432,24.537
18:19:38.846 profile,0,233,-71,1.00,26.839, 20.221,20.494
18:19:39.346 profile,0,234,-71,1.00,28.745, 21.154,24.007
18:19:39.895 profile,0,235,-76,1.00,26.973, 24.770,0.000
18:19:40.346 profile,0,236,-70,1.00,26.024, 24.008,24.300
18:19:40.945 profile,0,237,-70,1.00,26.945, 21.585,0.000
18:19:41.396 profile,0,238,-73,1.00,25.875, 23.552,24.321
18:19:41.845 profile,0,239,-70,1.00,27.493, 22.559,0.000
18:19:42.346 profile,0,240,-73,1.00,26.506, 26.457,24.300
18:19:42.845 profile,0,241,-74,1.00,26.430, 21.510,0.000
18:19:43.345 profile,0,242,-75,1.00,0.000, 26.756,0.000
18:19:43.895 profile,0,243,-69,0.00,27.149, 28.293,0.000
18:19:44.395 profile,0,244,-74,1.00,0.000, 22.840,0.000
18:19:44.945 profile,0,245,-77,0.00,25.131, 18.044,0.000
18:19:45.445 profile,0,246,-73,1.00,0.000, 21.960,0.000
18:19:45.846 profile,0,247,-72,0.00,26.199, 23.669,24.300
18:19:46.345 profile,0,248,-69,1.00,24.848, 19.449,0.000
18:19:46.845 profile,0,249,-70,1.00,0.000, 23.159,0.000
18:19:47.346 profile,0,250,-80,0.00,26.964, 22.559,24.007
18:19:47.846 profile,0,251,-69,1.00,26.108, 21.679,24.300
18:19:48.394 profile,0,252,-71,1.00,0.000, 25.782,0.000
18:19:48.845 profile,0,253,-71,0.00,0.000, 21.679,0.000
18:19:49.395 profile,0,254,-69,0.00,0.000, 27.381,0.000
18:19:49.845 profile,0,255,-70,0.00,26.106, 25.576,0.000
18:19:50.395 profile,0,256,-70,1.00,25.625, 21.454,24.618
18:19:50.845 profile,0,257,-72,1.00,0.000, 19.880,0.000
18:19:51.345 profile,0,258,-70,0.00,25.508, 28.405,24.679
18:19:51.845 profile,0,259,-72,1.00,25.997, 23.215,24.300
18:19:52.344 profile,0,260,-75,1.00,0.000, 21.765,0.000
18:19:52.845 profile,0,261,-70,0.00,26.252, 28.975,24.280
18:19:53.395 profile,0,262,-71,1.00,25.364, 22.799,24.436
18:19:53.895 profile,0,263,-70,1.00,26.088, 25.138,24.517
18:19:54.345 profile,0,264,-69,1.00,26.271, 25.295,24.442
18:19:54.845 profile,0,265,-71,1.00,0.000, 24.133,0.000
18:19:55.345 profile,0,266,-70,0.00,28.118, 20.251,0.000
18:19:55.895 profile,0,267,-70,1.00,25.410, 22.297,0.000
18:19:56.345 profile,0,268,-75,1.00,26.823, 24.546,24.605
18:19:56.845 profile,0,269,-70,1.00,25.275, 23.209,24.479
18:19:57.344 profile,0,270,-73,1.00,25.894, 24.583,0.000
18:19:57.845 profile,0,271,-74,1.00,25.616, 22.503,24.579
18:19:58.344 profile,0,272,-69,1.00,0.000, 21.904,0.000
18:19:58.845 profile,0,273,-74,0.00,25.733, 24.939,24.402
18:19:59.345 profile,0,274,-71,1.00,26.247, 25.389,24.349
18:19:59.845 profile,0,275,-72,1.00,26.220, 24.613,24.505
18:20:00.344 profile,0,276,-70,1.00,26.133, 24.414,0.000
18:20:00.845 profile,0,277,-71,1.00,26.939, 22.659,0.000
18:20:01.345 profile,0,278,-72,1.00,26.440, 23.871,24.342
18:20:01.845 profile,0,279,-68,1.00,25.960, 24.718,24.425
18:20:02.345 profile,0,280,-68,1.00,26.644, 23.759,24.363
18:20:02.844 profile,0,281,-69,1.00,0.000, 23.440,0.000
18:20:03.445 profile,0,282,-68,0.00,25.925, 31.078,24.312
18:20:03.845 profile,0,283,-72,1.00,26.709, 25.314,24.241
18:20:04.345 profile,0,284,-69,1.00,27.232, 26.037,23.714
18:20:04.844 profile,0,285,-77,1.00,26.918, 17.444,0.000
18:20:05.344 profile,0,286,-75,1.00,0.000, 19.899,0.000
18:20:05.844 profile,0,287,-71,0.00,25.598, 24.115,0.000
18:20:06.345 profile,0,288,-71,1.00,26.168, 29.492,24.007
18:20:06.894 profile,0,289,-73,1.00,0.000, 29.005,0.000
18:20:07.344 profile,0,290,-69,0.00,0.000, 25.220,0.000
18:20:07.844 profile,0,291,-84,0.00,27.195, 27.031,0.000
18:20:08.395 profile,0,292,-71,1.00,26.906, 25.801,23.714
18:20:08.844 profile,0,293,-73,1.00,0.000, 21.735,0.000
18:20:09.344 profile,0,294,-76,0.00,0.000, 19.430,0.000
18:20:09.844 profile,0,295,-68,0.00,0.000, 25.872,0.000
18:20:10.344 profile,0,296,-73,0.00,0.000, 18.325,0.000
18:20:10.844 profile,0,297,-69,0.00,26.952, 24.763,24.436
18:20:11.344 profile,0,298,-70,1.00,26.039, 24.783,0.000
18:20:11.844 profile,0,299,-75,1.00,26.410, 25.063,0.000
18:20:12.343 profile,0,300,-72,1.00,0.000, 27.918,0.000
18:20:12.844 profile,0,301,-71,0.00,0.000, 25.258,0.000
18:20:13.343 profile,0,302,-78,0.00,0.000, 27.768,0.000
18:20:13.894 profile,0,303,-78,0.00,26.802, 23.890,0.000
18:20:14.344 profile,0,304,-72,1.00,0.000, 23.627,0.000
18:20:14.894 profile,0,305,-75,0.00,25.562, 4.722,0.000
18:20:15.344 profile,0,306,-72,1.00,27.180, 19.861,24.022
18:20:15.843 profile,0,307,-80,1.00,0.000, 19.543,0.000
18:20:16.343 profile,0,308,-76,0.00,27.502, 26.906,0.000
18:20:16.843 profile,0,309,-79,1.00,28.985, 26.806,0.000
18:20:17.393 profile,0,310,-79,1.00,27.618, 25.587,0.000
18:20:17.893 profile,0,311,-75,1.00,0.000, 25.332,0.000
18:20:18.343 profile,0,312,-71,0.00,0.000, 23.852,0.000
18:20:18.844 profile,0,313,-74,0.00,25.730, 26.963,24.056
18:20:19.344 profile,0,314,-74,1.00,26.937, 15.795,24.006
18:20:19.843 profile,0,315,-74,1.00,0.000, 22.664,0.000
18:20:20.344 profile,0,316,-74,0.00,26.585, 23.174,24.246
18:20:20.844 profile,0,317,-72,1.00,26.610, 22.035,24.268
18:20:21.343 profile,0,318,-70,1.00,0.000, 23.965,0.000
18:20:21.894 profile,0,319,-73,0.00,26.324, 19.546,24.157
18:20:22.343 profile,0,320,-73,1.00,26.202, 24.708,0.000
18:20:22.843 profile,0,321,-77,1.00,24.702, 24.789,0.000
18:20:23.393 profile,0,322,-77,1.00,0.000, 24.458,0.000
18:20:23.944 profile,0,323,-75,0.00,24.569, 18.681,23.714
18:20:24.345 profile,0,324,-70,1.00,26.861, 23.459,24.289
18:20:24.843 profile,0,325,-72,1.00,0.000, 26.082,0.000
18:20:25.393 profile,0,326,-75,0.00,26.964, 30.729,0.000
18:20:25.943 profile,0,327,-75,1.00,27.151, 23.369,0.000
18:20:26.344 profile,0,328,-70,1.00,25.945, 23.434,0.000
18:20:26.843 profile,0,329,-72,1.00,0.000, 21.785,0.000
18:20:27.344 profile,0,330,-71,0.00,26.146, 20.221,24.007
18:20:27.843 profile,0,331,-75,1.00,26.426, 25.108,0.000
18:20:28.343 profile,0,332,-74,1.00,0.000, 25.576,0.000
18:20:28.844 profile,0,333,-73,0.00,25.906, 21.004,24.526
18:20:29.344 profile,0,334,-69,1.00,26.010, 26.813,24.338
18:20:29.844 profile,0,335,-71,1.00,26.611, 25.812,24.300
18:20:30.343 profile,0,336,-73,1.00,25.428, 22.728,24.553
18:20:30.894 profile,0,337,-70,1.00,26.078, 25.576,24.648
18:20:31.393 profile,0,338,-69,1.00,24.895, 22.514,0.000
18:20:31.843 profile,0,339,-68,1.00,25.911, 25.295,24.689
18:20:32.343 profile,0,340,-67,1.00,25.236, 24.902,0.000
18:20:32.893 profile,0,341,-68,1.00,25.869, 21.720,24.526
18:20:33.393 profile,0,342,-69,1.00,25.479, 26.082,24.454
18:20:33.893 profile,0,343,-69,1.00,26.225, 24.677,24.459
18:20:34.344 profile,0,344,-69,1.00,25.801, 23.983,24.517
18:20:34.893 profile,0,345,-69,1.00,26.275, 26.007,24.300
18:20:35.343 profile,0,346,-67,1.00,25.630, 21.855,24.622
18:20:35.843 profile,0,347,-72,1.00,25.747, 23.777,24.517
18:20:36.343 profile,0,348,-72,1.00,26.945, 32.103,24.300
18:20:36.843 profile,0,349,-70,1.00,27.441, 25.532,24.300
18:20:37.343 profile,0,350,-69,1.00,26.121, 26.277,24.300
18:20:37.892 profile,0,351,-67,1.00,26.934, 21.825,0.000
18:20:38.343 profile,0,352,-77,1.00,26.759, 26.138,24.300
18:20:38.843 profile,0,353,-68,1.00,26.524, 19.936,24.007
18:20:39.343 profile,0,354,-67,1.00,26.125, 21.060,24.007
18:20:39.843 profile,0,355,-67,1.00,26.258, 24.714,24.300
18:20:40.343 profile,0,356,-70,1.00,25.388, 24.958,24.300
18:20:40.843 profile,0,357,-77,1.00,24.400, 27.356,24.300
18:20:41.342 profile,0,358,-72,1.00,25.902, 20.641,0.000
18:20:41.892 profile,0,359,-76,1.00,0.000, 32.696,0.000
18:20:42.342 profile,0,360,-76,0.00,0.000, 28.536,0.000
18:20:42.842 profile,0,361,-81,0.00,0.000, 30.954,0.000
18:20:43.592 profile,0,362,-84,0.00,0.000, 39.722,0.000
18:20:43.942 profile,0,363,-77,0.00,0.000, 26.475,0.000
18:20:44.392 profile,0,364,-76,0.00,26.809, 14.140,0.000
18:20:44.843 profile,0,365,-68,1.00,26.357, 22.915,24.268
18:20:45.343 profile,0,366,-73,1.00,25.944, 24.920,24.300
18:20:45.843 profile,0,367,-69,1.00,24.534, 26.352,24.530
18:20:46.343 profile,0,368,-69,1.00,26.081, 26.251,24.446
18:20:46.892 profile,0,369,-69,1.00,25.528, 24.190,0.000
18:20:47.343 profile,0,370,-68,1.00,25.647, 24.995,24.424
18:20:47.843 profile,0,371,-68,1.00,26.087, 27.131,24.451
18:20:48.343 profile,0,372,-68,1.00,25.265, 26.400,24.563
