dist: 30m

18:21:05.441 profile,0,406,-75,0.00,0.000, 22.409,0.000
18:21:05.891 profile,0,407,-74,0.00,0.000, 23.729,0.000
18:21:06.341 profile,0,408,-76,0.00,0.000, 34.289,0.000
18:21:06.842 profile,0,409,-73,0.00,31.160, 29.436,28.106
18:21:07.341 profile,0,410,-77,1.00,33.248, 32.003,0.000
18:21:07.891 profile,0,411,-76,1.00,0.000, 28.836,0.000
18:21:08.341 profile,0,412,-82,0.00,0.000, 21.735,0.000
18:21:08.842 profile,0,413,-75,0.00,32.109, 35.301,28.106
18:21:09.341 profile,0,414,-71,1.00,0.000, 28.312,0.000
18:21:09.891 profile,0,415,-74,0.00,0.000, 35.538,0.000
18:21:10.341 profile,0,416,-78,0.00,0.000, 30.410,0.000
18:21:10.841 profile,0,417,-75,0.00,0.000, 33.981,0.000
18:21:11.391 profile,0,418,-74,0.00,0.000, 29.436,0.000
18:21:11.841 profile,0,419,-74,0.00,32.471, 27.787,0.000
18:21:12.342 profile,0,420,-71,1.00,30.581, 27.716,29.569
18:21:12.842 profile,0,421,-74,1.00,33.958, 34.176,29.569
18:21:13.341 profile,0,422,-75,1.00,0.000, 29.005,0.000
18:21:13.842 profile,0,423,-74,0.00,32.713, 26.663,29.712
18:21:14.341 profile,0,424,-76,1.00,31.653, 24.620,0.000
18:21:14.841 profile,0,425,-73,1.00,0.000, 29.230,0.000
18:21:15.341 profile,0,426,-72,0.00,0.000, 28.480,0.000
18:21:15.841 profile,0,427,-75,0.00,0.000, 33.877,0.000
18:21:16.341 profile,0,428,-73,0.00,0.000, 30.029,0.000
18:21:16.841 profile,0,429,-74,0.00,0.000, 29.784,0.000
18:21:17.392 profile,0,430,-71,0.00,33.146, 29.230,0.000
18:21:17.841 profile,0,431,-75,1.00,0.000, 26.251,0.000
18:21:18.440 profile,0,432,-75,0.00,0.000, 23.309,0.000
18:21:18.842 profile,0,433,-73,0.00,31.891, 26.756,29.627
18:21:19.341 profile,0,434,-74,1.00,32.466, 26.850,0.000
18:21:19.841 profile,0,435,-70,1.00,33.449, 29.649,29.569
18:21:20.341 profile,0,436,-74,1.00,31.682, 31.508,0.000
18:21:20.841 profile,0,437,-73,1.00,31.266, 23.852,29.702
18:21:21.340 profile,0,438,-73,1.00,32.105, 26.813,0.000
18:21:21.840 profile,0,439,-75,1.00,0.000, 26.719,0.000
18:21:22.341 profile,0,440,-71,0.00,32.700, 25.183,0.000
18:21:22.841 profile,0,441,-73,1.00,29.786, 31.609,29.277
18:21:23.341 profile,0,442,-71,1.00,29.834, 27.981,0.000
18:21:23.840 profile,0,443,-70,1.00,31.461, 25.576,0.000
18:21:24.340 profile,0,444,-73,1.00,0.000, 23.665,0.000
18:21:24.841 profile,0,445,-74,0.00,31.473, 26.419,29.625
18:21:25.341 profile,0,446,-74,1.00,31.981, 29.192,29.277
18:21:25.840 profile,0,447,-74,1.00,32.576, 26.682,0.000
18:21:26.340 profile,0,448,-74,1.00,0.000, 28.087,0.000
18:21:26.840 profile,0,449,-74,0.00,31.645, 27.862,0.000
18:21:27.341 profile,0,450,-73,1.00,31.440, 30.414,29.632
18:21:27.840 profile,0,451,-72,1.00,0.000, 25.647,0.000
18:21:28.341 profile,0,452,-73,0.00,31.614, 21.641,29.277
18:21:28.840 profile,0,453,-73,1.00,0.000, 28.930,0.000
18:21:29.340 profile,0,454,-72,0.00,30.606, 31.272,0.000
18:21:29.891 profile,0,455,-72,1.00,31.158, 34.226,29.569
18:21:30.340 profile,0,456,-72,1.00,31.104, 28.430,0.000
18:21:30.890 profile,0,457,-74,1.00,31.190, 25.051,0.000
18:21:31.341 profile,0,458,-71,1.00,31.427, 25.078,29.673
18:21:31.840 profile,0,459,-73,1.00,31.146, 27.606,0.000
18:21:32.340 profile,0,460,-74,1.00,0.000, 33.745,0.000
18:21:32.840 profile,0,461,-75,0.00,0.000, 29.485,0.000
18:21:33.340 profile,0,462,-74,0.00,0.000, 25.782,0.000
18:21:33.840 profile,0,463,-73,0.00,31.409, 30.035,0.000
18:21:34.340 profile,0,464,-72,1.00,0.000, 33.052,0.000
18:21:34.840 profile,0,465,-70,0.00,0.000, 26.494,0.000
18:21:35.340 profile,0,466,-75,0.00,31.845, 25.078,29.494
18:21:35.840 profile,0,467,-76,1.00,30.877, 31.066,29.277
18:21:36.340 profile,0,468,-74,1.00,31.037, 25.014,0.000
18:21:36.890 profile,0,469,-72,1.00,31.299, 26.326,29.277
18:21:37.340 profile,0,470,-77,1.00,31.277, 30.639,29.277
18:21:37.840 profile,0,471,-73,1.00,30.946, 31.403,0.000
18:21:38.389 profile,0,472,-72,1.00,0.000, 29.664,0.000
18:21:38.840 profile,0,473,-73,0.00,0.000, 27.169,0.000
18:21:39.340 profile,0,474,-74,0.00,32.341, 29.904,29.390
18:21:39.891 profile,0,475,-73,1.00,32.818, 31.403,29.462
18:21:40.340 profile,0,476,-74,1.00,32.511, 29.205,29.364
18:21:40.839 profile,0,477,-74,1.00,0.000, 29.736,0.000
18:21:41.339 profile,0,478,-74,0.00,0.000, 30.489,0.000
18:21:41.839 profile,0,479,-73,0.00,32.777, 31.815,0.000
18:21:42.339 profile,0,480,-77,1.00,0.000, 26.400,0.000
18:21:42.839 profile,0,481,-79,0.00,0.000, 38.298,0.000
18:21:43.339 profile,0,482,-75,0.00,0.000, 25.838,0.000
18:21:43.889 profile,0,483,-80,0.00,0.000, 26.981,0.000
18:21:44.340 profile,0,484,-72,0.00,32.661, 29.117,0.000
18:21:44.889 profile,0,485,-74,1.00,0.000, 29.784,0.000
18:21:45.339 profile,0,486,-74,0.00,0.000, 22.672,0.000
18:21:45.839 profile,0,487,-72,0.00,0.000, 28.106,0.000
18:21:46.339 profile,0,488,-75,0.00,33.260, 22.085,0.000
18:21:46.939 profile,0,489,-73,1.00,0.000, 34.420,0.000
18:21:47.340 profile,0,490,-73,0.00,32.265, 25.389,29.194
18:21:47.839 profile,0,491,-74,1.00,0.000, 36.710,0.000
18:21:48.389 profile,0,492,-75,0.00,0.000, 34.045,0.000
18:21:48.839 profile,0,493,-73,0.00,0.000, 37.894,0.000
18:21:49.439 profile,0,494,-78,0.00,0.000, 29.211,0.000
18:21:49.839 profile,0,495,-76,0.00,0.000, 30.110,0.000
18:21:50.339 profile,0,496,-74,0.00,32.771, 28.518,0.000
18:21:50.839 profile,0,497,-77,1.00,0.000, 30.129,0.000
18:21:51.339 profile,0,498,-74,0.00,33.213, 21.117,0.000
18:21:51.839 profile,0,499,-75,1.00,0.000, 30.448,0.000
18:21:52.339 profile,0,500,-76,0.00,0.000, 22.503,0.000
18:21:52.889 profile,0,501,-77,0.00,0.000, 25.970,0.000
18:21:53.339 profile,0,502,-74,0.00,0.000, 32.902,0.000
18:21:53.890 profile,0,503,-74,0.00,32.481, 28.720,29.488
18:21:54.389 profile,0,504,-75,1.00,32.759, 29.964,0.000
18:21:54.840 profile,0,505,-75,1.00,0.000, 31.568,0.000
18:21:55.340 profile,0,506,-76,0.00,32.476, 24.827,29.565
18:21:55.839 profile,0,507,-75,1.00,0.000, 30.260,0.000
18:21:56.339 profile,0,508,-76,0.00,32.455, 25.757,0.000
18:21:56.939 profile,0,509,-76,1.00,0.000, 32.527,0.000
18:21:57.339 profile,0,510,-74,0.00,0.000, 27.487,0.000
18:21:57.840 profile,0,511,-73,0.00,31.040, 20.416,29.407
18:21:58.339 profile,0,512,-73,1.00,0.000, 25.587,0.000
18:21:58.839 profile,0,513,-75,0.00,30.943, 27.718,29.582
18:21:59.339 profile,0,514,-72,1.00,31.918, 27.412,29.652
18:21:59.838 profile,0,515,-74,1.00,0.000, 34.757,0.000
18:22:00.389 profile,0,516,-76,0.00,32.285, 22.010,0.000
18:22:00.839 profile,0,517,-77,1.00,0.000, 23.121,0.000
18:22:01.389 profile,0,518,-75,0.00,31.381, 22.509,29.481
18:22:01.839 profile,0,519,-74,1.00,30.919, 24.845,0.000
18:22:02.339 profile,0,520,-74,1.00,31.841, 32.827,29.409
18:22:02.839 profile,0,521,-73,1.00,31.753, 31.909,29.291
18:22:03.338 profile,0,522,-74,1.00,0.000, 25.913,0.000
18:22:03.839 profile,0,523,-75,0.00,31.117, 30.073,29.690
18:22:04.339 profile,0,524,-73,1.00,31.628, 31.178,0.000
18:22:04.838 profile,0,525,-75,1.00,0.000, 22.728,0.000
18:22:05.338 profile,0,526,-74,0.00,0.000, 27.431,0.000
18:22:05.839 profile,0,527,-75,0.00,31.783, 28.068,29.531
18:22:06.338 profile,0,528,-73,1.00,0.000, 28.255,0.000
18:22:06.839 profile,0,529,-71,0.00,32.243, 28.218,29.362
18:22:07.339 profile,0,530,-73,1.00,32.252, 24.620,29.601
18:22:07.838 profile,0,531,-73,1.00,0.000, 20.536,0.000
18:22:08.338 profile,0,532,-73,0.00,0.000, 27.866,0.000
18:22:08.839 profile,0,533,-72,0.00,31.582, 25.726,29.462
18:22:09.388 profile,0,534,-75,1.00,0.000, 31.347,0.000
18:22:09.888 profile,0,535,-75,0.00,0.000, 32.246,0.000
18:22:10.339 profile,0,536,-74,0.00,31.982, 28.081,29.455
18:22:10.838 profile,0,537,-74,1.00,0.000, 26.756,0.000
18:22:11.338 profile,0,538,-72,0.00,0.000, 29.854,0.000
18:22:11.938 profile,0,539,-74,0.00,0.000, 28.012,0.000
18:22:12.388 profile,0,540,-74,0.00,0.000, 30.673,0.000
18:22:12.838 profile,0,541,-72,0.00,0.000, 26.644,0.000
18:22:13.439 profile,0,542,-75,0.00,32.464, 29.099,29.425
18:22:13.838 profile,0,543,-72,1.00,30.343, 31.178,0.000
18:22:14.338 profile,0,544,-73,1.00,0.000, 26.906,0.000
18:22:14.838 profile,0,545,-73,0.00,0.000, 27.656,0.000
18:22:15.388 profile,0,546,-73,0.00,31.165, 26.502,0.000
18:22:15.839 profile,0,547,-72,1.00,32.699, 32.434,29.601
18:22:16.338 profile,0,548,-75,1.00,32.614, 32.003,0.000
