dist: 45m

18:37:12.017 profile,0,187,-74,1.00,0.000, 39.752,0.000
18:37:12.518 profile,0,188,-75,0.00,44.097, 38.992,0.000
18:37:13.018 profile,0,189,-73,1.00,45.438, 45.081,0.000
18:37:13.568 profile,0,190,-74,1.00,46.383, 42.795,0.000
18:37:14.017 profile,0,191,-74,1.00,0.000, 41.446,0.000
18:37:14.519 profile,0,192,-74,0.00,44.179, 42.308,43.625
18:37:15.018 profile,0,193,-72,1.00,45.380, 37.649,0.000
18:37:15.518 profile,0,194,-74,1.00,45.561, 40.982,43.634
18:37:16.017 profile,0,195,-75,1.00,44.738, 36.919,0.000
18:37:16.518 profile,0,196,-73,1.00,45.506, 39.922,43.551
18:37:17.067 profile,0,197,-71,1.00,45.792, 43.350,0.000
18:37:17.518 profile,0,198,-73,1.00,44.367, 42.720,0.000
18:37:18.168 profile,0,199,-74,1.00,44.710, 45.344,43.602
18:37:18.518 profile,0,200,-73,1.00,45.099, 42.008,43.580
18:37:19.018 profile,0,201,-76,1.00,43.961, 42.777,0.000
18:37:19.518 profile,0,202,-77,1.00,45.574, 42.777,43.626
18:37:20.017 profile,0,203,-75,1.00,44.888, 42.496,0.000
18:37:20.517 profile,0,204,-77,1.00,43.930, 40.828,0.000
18:37:21.018 profile,0,205,-70,1.00,44.588, 37.524,43.592
18:37:21.568 profile,0,206,-74,1.00,44.833, 42.252,43.583
18:37:22.018 profile,0,207,-73,1.00,45.276, 42.945,43.713
18:37:22.518 profile,0,208,-71,1.00,45.396, 49.203,43.697
18:37:23.017 profile,0,209,-76,1.00,44.780, 43.185,0.000
18:37:23.518 profile,0,210,-72,1.00,44.968, 46.918,43.503
18:37:24.017 profile,0,211,-74,1.00,0.000, 44.332,0.000
18:37:24.517 profile,0,212,-70,0.00,46.311, 43.395,0.000
18:37:25.018 profile,0,213,-73,1.00,44.899, 42.031,43.774
18:37:25.518 profile,0,214,-74,1.00,45.634, 44.051,43.658
18:37:26.018 profile,0,215,-76,1.00,44.522, 43.283,43.818
18:37:26.568 profile,0,216,-72,1.00,45.103, 40.772,43.622
18:37:27.018 profile,0,217,-73,1.00,44.603, 41.122,43.517
18:37:27.517 profile,0,218,-76,1.00,0.000, 42.327,0.000
18:37:28.067 profile,0,219,-75,0.00,46.219, 40.832,43.706
18:37:28.518 profile,0,220,-76,1.00,44.036, 45.269,43.706
18:37:29.017 profile,0,221,-72,1.00,45.145, 42.720,43.672
18:37:29.517 profile,0,222,-74,1.00,45.783, 40.285,43.329
18:37:30.018 profile,0,223,-70,1.00,45.422, 39.573,43.769
18:37:30.517 profile,0,224,-72,1.00,45.358, 43.489,43.660
18:37:31.017 profile,0,225,-72,1.00,44.668, 47.292,43.665
18:37:31.517 profile,0,226,-71,1.00,45.097, 45.737,43.662
18:37:32.017 profile,0,227,-71,1.00,0.000, 44.519,0.000
18:37:32.516 profile,0,228,-71,0.00,0.000, 33.752,0.000
18:37:33.067 profile,0,229,-74,0.00,44.065, 42.271,43.736
18:37:33.517 profile,0,230,-75,1.00,45.315, 40.022,43.725
18:37:34.017 profile,0,231,-74,1.00,45.805, 44.414,0.000
18:37:34.517 profile,0,232,-72,1.00,46.310, 45.718,43.679
18:37:35.017 profile,0,233,-71,1.00,44.394, 45.681,0.000
18:37:35.517 profile,0,234,-73,1.00,44.540, 46.018,43.759
18:37:36.017 profile,0,235,-74,1.00,45.223, 42.589,43.758
18:37:36.516 profile,0,236,-74,1.00,44.847, 43.875,0.000
18:37:37.016 profile,0,237,-76,1.00,0.000, 44.538,0.000
18:37:37.517 profile,0,238,-72,0.00,46.721, 52.189,43.574
18:37:38.017 profile,0,239,-75,1.00,45.444, 40.116,0.000
18:37:38.517 profile,0,240,-74,1.00,45.398, 49.653,0.000
18:37:39.017 profile,0,241,-74,1.00,45.301, 35.938,43.542
18:37:39.516 profile,0,242,-74,1.00,46.161, 32.453,0.000
18:37:40.066 profile,0,243,-73,1.00,0.000, 41.990,0.000
18:37:40.516 profile,0,244,-76,0.00,0.000, 43.976,0.000
18:37:41.016 profile,0,245,-74,0.00,0.000, 41.203,0.000
18:37:41.516 profile,0,246,-75,0.00,0.000, 44.619,0.000
18:37:42.016 profile,0,247,-73,0.00,0.000, 48.454,0.000
18:37:42.566 profile,0,248,-75,0.00,44.886, 43.095,0.000
18:37:43.017 profile,0,249,-74,1.00,45.065, 44.054,0.000
18:37:43.516 profile,0,250,-75,1.00,45.410, 41.278,0.000
18:37:44.066 profile,0,251,-77,1.00,0.000, 37.939,0.000
18:37:44.516 profile,0,252,-73,0.00,0.000, 33.071,0.000
18:37:45.016 profile,0,253,-73,0.00,0.000, 42.765,0.000
18:37:45.516 profile,0,254,-74,0.00,0.000, 48.566,0.000
18:37:46.067 profile,0,255,-73,0.00,44.662, 42.571,43.705
18:37:46.517 profile,0,256,-72,1.00,44.803, 39.847,43.767
18:37:47.016 profile,0,257,-74,1.00,0.000, 42.481,0.000
18:37:47.516 profile,0,258,-74,0.00,0.000, 42.451,0.000
18:37:48.017 profile,0,259,-73,0.00,45.131, 43.815,43.709
18:37:48.516 profile,0,260,-73,1.00,44.278, 38.523,42.451
18:37:49.066 profile,0,261,-73,1.00,0.000, 43.451,0.000
18:37:49.516 profile,0,262,-72,0.00,43.972, 45.681,43.622
18:37:50.066 profile,0,263,-72,1.00,45.001, 46.562,0.000
18:37:50.516 profile,0,264,-72,1.00,45.529, 42.083,0.000
18:37:51.016 profile,0,265,-72,1.00,44.797, 46.018,43.727
18:37:51.566 profile,0,266,-73,1.00,44.741, 44.444,0.000
18:37:52.016 profile,0,267,-73,1.00,44.428, 38.224,0.000
18:37:52.516 profile,0,268,-73,1.00,44.241, 44.159,0.000
18:37:53.016 profile,0,269,-74,1.00,44.717, 40.712,0.000
18:37:53.565 profile,0,270,-72,1.00,0.000, 44.182,0.000
18:37:54.016 profile,0,271,-70,0.00,0.000, 40.502,0.000
18:37:54.516 profile,0,272,-72,0.00,44.576, 44.988,43.746
18:37:55.016 profile,0,273,-74,1.00,44.912, 45.700,43.622
18:37:55.516 profile,0,274,-73,1.00,44.589, 42.571,43.622
18:37:56.015 profile,0,275,-71,1.00,0.000, 48.132,0.000
18:37:56.516 profile,0,276,-73,0.00,45.664, 40.457,0.000
18:37:57.016 profile,0,277,-71,1.00,44.329, 46.449,0.000
18:37:57.566 profile,0,278,-71,1.00,45.460, 43.795,43.853
18:37:58.015 profile,0,279,-72,1.00,0.000, 45.999,0.000
18:37:58.516 profile,0,280,-74,0.00,44.942, 39.573,43.622
18:37:59.015 profile,0,281,-74,1.00,44.180, 44.129,0.000
18:37:59.515 profile,0,282,-73,1.00,45.473, 42.008,0.000
18:38:00.016 profile,0,283,-74,1.00,45.207, 40.772,43.622
18:38:00.515 profile,0,284,-75,1.00,0.000, 36.444,0.000
18:38:01.016 profile,0,285,-73,0.00,44.879, 44.088,43.764
18:38:01.516 profile,0,286,-71,1.00,44.381, 41.053,43.622
18:38:02.066 profile,0,287,-71,1.00,44.164, 47.124,43.856
18:38:02.516 profile,0,288,-73,1.00,45.120, 41.761,43.727
18:38:03.016 profile,0,289,-71,1.00,45.885, 42.364,43.783
18:38:03.516 profile,0,290,-74,1.00,45.877, 42.076,43.744
18:38:04.066 profile,0,291,-74,1.00,45.067, 45.094,43.787
18:38:04.516 profile,0,292,-71,1.00,44.344, 42.852,43.737
18:38:05.016 profile,0,293,-72,1.00,44.540, 39.947,43.622
18:38:05.516 profile,0,294,-72,1.00,46.072, 44.159,43.685
18:38:06.016 profile,0,295,-72,1.00,45.577, 42.233,43.849
18:38:06.516 profile,0,296,-72,1.00,45.618, 46.149,43.833
18:38:07.016 profile,0,297,-71,1.00,45.713, 43.995,43.894
18:38:07.515 profile,0,298,-71,1.00,45.020, 39.048,0.000
18:38:08.016 profile,0,299,-72,1.00,44.888, 43.545,43.866
18:38:08.515 profile,0,300,-71,1.00,43.750, 44.482,0.000
18:38:09.015 profile,0,301,-71,1.00,44.337, 44.219,0.000
18:38:09.516 profile,0,302,-71,1.00,45.390, 46.168,43.828
18:38:10.016 profile,0,303,-71,1.00,44.442, 39.168,43.882
18:38:10.516 profile,0,304,-73,1.00,44.014, 44.482,43.942
18:38:11.065 profile,0,305,-72,1.00,45.096, 40.322,43.622
18:38:11.565 profile,0,306,-70,1.00,44.965, 47.498,43.803
18:38:12.015 profile,0,307,-71,1.00,44.349, 41.246,43.839
18:38:12.515 profile,0,308,-72,1.00,0.000, 46.568,0.000
18:38:13.015 profile,0,309,-71,0.00,44.800, 42.289,43.797
18:38:13.515 profile,0,310,-73,1.00,44.983, 40.247,0.000
18:38:14.015 profile,0,311,-72,1.00,44.625, 44.444,43.752
18:38:14.514 profile,0,312,-71,1.00,0.000, 43.965,0.000
18:38:15.115 profile,0,313,-71,0.00,45.516, 43.095,43.738
18:38:15.565 profile,0,314,-72,1.00,45.472, 41.184,43.809
18:38:16.065 profile,0,315,-72,1.00,45.117, 41.990,0.000
18:38:16.515 profile,0,316,-71,1.00,44.853, 46.711,43.622
18:38:17.015 profile,0,317,-72,1.00,45.249, 39.623,43.726
18:38:17.515 profile,0,318,-72,1.00,44.634, 49.241,43.768
18:38:18.015 profile,0,319,-71,1.00,45.962, 44.864,43.819
18:38:18.515 profile,0,320,-71,1.00,44.905, 41.615,43.780
18:38:19.014 profile,0,321,-73,1.00,45.409, 45.968,0.000
18:38:19.515 profile,0,322,-73,1.00,45.475, 46.599,42.451
18:38:20.015 profile,0,323,-73,1.00,45.028, 46.483,43.775
18:38:20.515 profile,0,324,-74,1.00,44.928, 46.318,43.761
18:38:21.015 profile,0,325,-71,1.00,43.939, 42.071,43.729
18:38:21.515 profile,0,326,-72,1.00,45.739, 46.412,43.622
18:38:22.015 profile,0,327,-70,1.00,44.802, 44.564,43.844
18:38:22.514 profile,0,328,-73,1.00,44.385, 43.950,0.000
18:38:23.014 profile,0,329,-71,1.00,44.444, 45.100,0.000
18:38:23.515 profile,0,330,-71,1.00,44.535, 41.866,43.622
18:38:24.065 profile,0,331,-73,1.00,45.067, 40.791,43.622
18:38:24.514 profile,0,332,-72,1.00,0.000, 39.610,0.000
18:38:25.014 profile,0,333,-73,0.00,0.000, 44.875,0.000
18:38:25.564 profile,0,334,-72,0.00,45.131, 40.266,0.000
18:38:26.014 profile,0,335,-72,1.00,0.000, 40.772,0.000
18:38:26.515 profile,0,336,-71,0.00,44.849, 45.306,43.329
18:38:27.065 profile,0,337,-70,1.00,44.841, 45.693,43.891
18:38:27.515 profile,0,338,-73,1.00,45.279, 45.737,43.732
18:38:28.015 profile,0,339,-70,1.00,45.092, 47.105,43.622
18:38:28.514 profile,0,340,-71,1.00,44.546, 42.571,0.000
18:38:29.015 profile,0,341,-71,1.00,44.879, 42.970,43.816
18:38:29.515 profile,0,342,-73,1.00,44.502, 41.596,43.786
18:38:30.014 profile,0,343,-71,1.00,0.000, 40.940,0.000
18:38:30.565 profile,0,344,-74,0.00,44.054, 42.271,43.888
18:38:31.015 profile,0,345,-71,1.00,44.602, 43.155,44.003
18:38:31.515 profile,0,346,-73,1.00,45.830, 45.853,43.913
18:38:32.015 profile,0,347,-72,1.00,44.752, 44.163,43.981
18:38:32.514 profile,0,348,-71,1.00,45.249, 41.971,0.000
18:38:33.014 profile,0,349,-69,1.00,46.123, 46.318,43.860
18:38:33.514 profile,0,350,-72,1.00,45.178, 47.767,43.622
18:38:34.015 profile,0,351,-72,1.00,45.875, 43.095,43.962
18:38:34.515 profile,0,352,-71,1.00,44.260, 45.928,43.622
18:38:35.014 profile,0,353,-74,1.00,45.298, 41.933,43.758
18:38:35.564 profile,0,354,-72,1.00,45.682, 45.081,0.000
18:38:36.014 profile,0,355,-73,1.00,44.950, 40.378,43.657
18:38:36.514 profile,0,356,-74,1.00,44.990, 42.177,0.000
18:38:37.015 profile,0,357,-74,1.00,45.341, 45.325,43.636
18:38:37.514 profile,0,358,-73,1.00,45.378, 42.466,43.679
18:38:38.014 profile,0,359,-72,1.00,44.000, 39.183,43.661
18:38:38.514 profile,0,360,-73,1.00,44.729, 39.441,43.733
18:38:39.014 profile,0,361,-72,1.00,45.225, 44.894,43.329
18:38:39.513 profile,0,362,-72,1.00,44.892, 39.741,0.000
18:38:40.013 profile,0,363,-73,1.00,0.000, 42.571,0.000
18:38:40.513 profile,0,364,-73,0.00,44.316, 40.197,0.000
